C_32_19_8_3:=LinearCode(Matrix(GF(3),[[1,0,0,0,0,0,0,0,0,0,0,0,0,0,0,1,0,0,0,2,0,2,2,0,1,1,2,2,0,2,0,2],
[0,1,0,0,0,0,0,0,0,0,0,0,0,0,0,2,0,0,0,0,0,0,2,2,2,0,0,1,2,0,1,2],
[0,0,1,0,0,0,0,0,0,0,0,0,0,0,0,1,0,0,0,2,0,2,0,2,1,2,2,1,2,2,2,1],
[0,0,0,1,0,0,0,0,0,0,0,0,0,0,0,2,0,0,0,0,0,2,0,2,1,0,1,1,2,1,2,0],
[0,0,0,0,1,0,0,0,0,0,0,0,0,0,0,1,0,0,0,1,0,2,1,1,2,1,1,0,0,1,0,0],
[0,0,0,0,0,1,0,0,0,0,0,0,0,0,0,2,0,0,0,2,0,1,0,0,0,0,1,0,1,2,2,0],
[0,0,0,0,0,0,1,0,0,0,0,0,0,0,0,1,0,0,0,1,0,0,2,2,0,2,0,2,1,0,0,0],
[0,0,0,0,0,0,0,1,0,0,0,0,0,0,0,2,0,0,0,2,0,2,0,2,2,1,2,2,0,1,0,1],
[0,0,0,0,0,0,0,0,1,0,0,0,0,0,0,1,0,0,0,1,0,0,2,1,2,0,0,2,2,2,2,2],
[0,0,0,0,0,0,0,0,0,1,0,0,0,0,0,2,0,0,0,2,0,1,1,1,2,0,0,2,0,1,0,2],
[0,0,0,0,0,0,0,0,0,0,1,0,0,0,0,1,0,0,0,1,0,1,1,1,2,1,0,1,2,0,1,2],
[0,0,0,0,0,0,0,0,0,0,0,1,0,0,0,2,0,0,0,2,0,1,2,0,1,0,1,2,0,1,1,1],
[0,0,0,0,0,0,0,0,0,0,0,0,1,0,0,1,0,0,0,2,0,0,2,1,0,0,2,1,2,1,1,1],
[0,0,0,0,0,0,0,0,0,0,0,0,0,1,0,2,0,0,0,0,0,1,2,0,1,2,2,1,0,0,2,1],
[0,0,0,0,0,0,0,0,0,0,0,0,0,0,1,1,0,0,0,2,0,0,0,0,1,1,1,0,0,1,1,0],
[0,0,0,0,0,0,0,0,0,0,0,0,0,0,0,0,1,0,0,2,0,0,2,1,0,2,1,0,2,1,0,0],
[0,0,0,0,0,0,0,0,0,0,0,0,0,0,0,0,0,1,0,2,0,1,1,1,0,2,0,1,1,1,0,1],
[0,0,0,0,0,0,0,0,0,0,0,0,0,0,0,0,0,0,1,2,0,1,2,0,1,2,0,0,2,0,0,1],
[0,0,0,0,0,0,0,0,0,0,0,0,0,0,0,0,0,0,0,0,1,2,1,2,0,0,0,0,1,2,1,2]]));


C_36_22_8_3:=LinearCode(Matrix(GF(3),[[1,0,0,0,0,0,0,0,0,0,0,2,0,0,0,0,0,0,0,0,0,0,0,0,0,0,2,1,1,1,2,0,1,2,2,0],
[0,1,0,0,0,0,0,0,0,0,0,2,0,0,0,0,0,0,0,0,0,0,1,2,0,0,1,0,1,0,2,2,1,1,1,0],
[0,0,1,0,0,0,0,0,0,0,0,2,0,0,0,0,0,0,0,0,0,1,0,2,0,0,0,1,0,1,0,2,2,1,1,1],
[0,0,0,1,0,0,0,0,0,0,0,2,0,0,0,0,0,0,0,0,0,1,0,2,0,0,1,0,2,2,2,1,1,2,0,1],
[0,0,0,0,1,0,0,0,0,0,0,2,0,0,0,0,0,0,0,0,0,0,1,2,0,0,2,0,1,2,1,0,1,0,0,2],
[0,0,0,0,0,1,0,0,0,0,0,2,0,0,0,0,0,0,0,0,0,0,0,0,0,0,0,2,2,1,0,2,1,0,2,2],
[0,0,0,0,0,0,1,0,0,0,0,2,0,0,0,0,0,0,0,0,0,0,0,0,0,0,0,2,1,0,1,2,2,2,0,2],
[0,0,0,0,0,0,0,1,0,0,0,2,0,0,0,0,0,0,0,0,0,0,1,2,0,0,2,2,0,2,2,1,1,1,0,1],
[0,0,0,0,0,0,0,0,1,0,0,2,0,0,0,0,0,0,0,0,0,1,0,2,0,0,1,2,2,1,2,2,2,2,2,2],
[0,0,0,0,0,0,0,0,0,1,0,2,0,0,0,0,0,0,0,0,0,1,0,2,0,0,1,2,0,0,0,0,1,0,0,2],
[0,0,0,0,0,0,0,0,0,0,1,2,0,0,0,0,0,0,0,0,0,0,1,2,0,0,2,1,0,0,0,0,2,1,1,2],
[0,0,0,0,0,0,0,0,0,0,0,0,1,0,0,0,0,0,0,0,0,0,0,2,0,0,2,2,0,1,2,2,2,0,1,0],
[0,0,0,0,0,0,0,0,0,0,0,0,0,1,0,0,0,0,0,0,0,0,2,0,0,0,2,1,1,1,0,2,1,2,0,2],
[0,0,0,0,0,0,0,0,0,0,0,0,0,0,1,0,0,0,0,0,0,2,0,0,0,0,2,2,1,0,2,0,1,1,2,1],
[0,0,0,0,0,0,0,0,0,0,0,0,0,0,0,1,0,0,0,0,0,2,0,0,0,0,0,1,2,2,1,2,0,2,2,0],
[0,0,0,0,0,0,0,0,0,0,0,0,0,0,0,0,1,0,0,0,0,0,2,0,0,0,0,2,1,2,2,0,1,0,2,2],
[0,0,0,0,0,0,0,0,0,0,0,0,0,0,0,0,0,1,0,0,0,0,0,2,0,0,0,2,2,1,0,1,2,2,0,2],
[0,0,0,0,0,0,0,0,0,0,0,0,0,0,0,0,0,0,1,0,0,0,0,2,0,0,0,1,2,0,1,2,2,0,2,2],
[0,0,0,0,0,0,0,0,0,0,0,0,0,0,0,0,0,0,0,1,0,0,2,0,0,0,0,2,0,1,2,1,2,2,2,0],
[0,0,0,0,0,0,0,0,0,0,0,0,0,0,0,0,0,0,0,0,1,2,0,0,0,0,0,0,1,2,2,2,1,2,0,2],
[0,0,0,0,0,0,0,0,0,0,0,0,0,0,0,0,0,0,0,0,0,0,0,0,1,0,2,1,0,2,1,0,2,1,0,2],
[0,0,0,0,0,0,0,0,0,0,0,0,0,0,0,0,0,0,0,0,0,0,0,0,0,1,2,1,2,0,0,1,2,1,2,0]]));


C_39_21_10_3:=LinearCode(Matrix(GF(3),[[1,0,0,0,0,0,0,0,0,0,0,0,2,0,0,0,0,0,0,0,0,0,0,0,2,1,0,0,2,0,2,0,1,2,2,1,0,1,1],
[0,1,0,0,0,0,0,0,0,0,0,0,2,0,0,0,0,0,0,0,0,0,2,0,2,2,0,2,2,2,0,1,2,2,1,1,1,0,1],
[0,0,1,0,0,0,0,0,0,0,0,0,2,0,0,0,0,0,0,0,0,0,0,2,0,1,1,0,2,1,2,2,0,0,0,0,0,0,1],
[0,0,0,1,0,0,0,0,0,0,0,0,2,0,0,0,0,0,0,0,0,0,2,2,2,0,0,2,2,2,1,2,2,2,0,1,0,2,2],
[0,0,0,0,1,0,0,0,0,0,0,0,2,0,0,0,0,0,0,0,0,0,2,1,0,0,0,1,2,0,0,1,0,2,1,2,0,2,1],
[0,0,0,0,0,1,0,0,0,0,0,0,2,0,0,0,0,0,0,0,0,0,2,0,0,1,2,1,1,2,1,1,0,0,2,1,1,1,2],
[0,0,0,0,0,0,1,0,0,0,0,0,2,0,0,0,0,0,0,0,0,0,1,2,0,0,1,1,1,2,1,2,2,2,0,2,1,2,1],
[0,0,0,0,0,0,0,1,0,0,0,0,2,0,0,0,0,0,0,0,0,0,1,0,1,1,2,2,2,2,1,0,0,2,1,2,1,1,2],
[0,0,0,0,0,0,0,0,1,0,0,0,2,0,0,0,0,0,0,0,0,0,0,1,1,1,0,1,1,0,1,1,1,2,1,1,1,0,2],
[0,0,0,0,0,0,0,0,0,1,0,0,2,0,0,0,0,0,0,0,0,0,2,1,2,1,2,2,1,0,2,2,0,0,0,2,0,0,1],
[0,0,0,0,0,0,0,0,0,0,1,0,2,0,0,0,0,0,0,0,0,0,1,0,0,2,2,1,0,0,2,1,1,0,0,0,0,0,2],
[0,0,0,0,0,0,0,0,0,0,0,1,2,0,0,0,0,0,0,0,0,0,2,1,1,2,2,1,1,1,2,2,1,0,2,1,1,1,0],
[0,0,0,0,0,0,0,0,0,0,0,0,0,1,0,0,0,0,0,0,0,0,1,0,2,2,1,0,1,0,2,1,1,1,1,0,0,2,2],
[0,0,0,0,0,0,0,0,0,0,0,0,0,0,1,0,0,0,0,0,0,0,1,1,2,1,1,2,0,1,2,2,1,0,2,1,1,0,2],
[0,0,0,0,0,0,0,0,0,0,0,0,0,0,0,1,0,0,0,0,0,0,2,1,2,0,0,0,1,1,0,2,0,1,1,1,0,0,2],
[0,0,0,0,0,0,0,0,0,0,0,0,0,0,0,0,1,0,0,0,0,0,0,2,1,2,0,0,2,0,0,1,1,0,2,0,1,1,1],
[0,0,0,0,0,0,0,0,0,0,0,0,0,0,0,0,0,1,0,0,0,0,1,0,1,0,2,1,2,0,2,0,1,1,2,1,0,1,2],
[0,0,0,0,0,0,0,0,0,0,0,0,0,0,0,0,0,0,1,0,0,0,0,1,0,1,0,1,2,2,1,2,0,2,0,1,1,2,1],
[0,0,0,0,0,0,0,0,0,0,0,0,0,0,0,0,0,0,0,1,0,0,2,0,2,1,0,2,0,0,2,1,1,0,1,0,2,1,2],
[0,0,0,0,0,0,0,0,0,0,0,0,0,0,0,0,0,0,0,0,1,0,2,2,1,0,1,1,1,0,0,2,2,1,0,1,0,2,1],
[0,0,0,0,0,0,0,0,0,0,0,0,0,0,0,0,0,0,0,0,0,1,0,2,2,1,0,2,1,1,1,1,0,0,2,2,1,0,1]]));



C_40_26_8_3:=LinearCode(Matrix(GF(3),[[1,0,0,0,0,0,0,0,0,0,0,0,0,0,0,0,0,0,0,0,0,0,0,0,0,0,1,1,0,1,2,1,2,1,1,0,1,2,2,1],
[0,1,0,0,0,0,0,0,0,0,0,0,0,0,0,0,0,0,0,0,0,0,0,0,0,0,1,0,1,1,1,2,1,1,2,2,2,1,0,1],
[0,0,1,0,0,0,0,0,0,0,0,0,0,0,0,0,0,0,0,0,0,0,0,0,0,0,0,2,0,2,2,1,1,2,1,0,2,0,1,1],
[0,0,0,1,0,0,0,0,0,0,0,0,0,0,0,0,0,0,0,0,0,0,0,0,0,0,2,0,0,2,1,1,2,1,2,0,1,1,0,2],
[0,0,0,0,1,0,0,0,0,0,0,0,0,0,0,0,0,0,0,0,0,0,0,0,0,0,2,0,2,0,1,2,1,2,1,1,0,2,0,1],
[0,0,0,0,0,1,0,0,0,0,0,0,0,0,0,0,0,0,0,0,0,0,0,0,0,0,2,2,0,0,1,2,2,0,1,2,2,0,2,2],
[0,0,0,0,0,0,1,0,0,0,0,0,0,0,0,0,0,0,0,0,0,0,0,0,0,0,0,2,2,0,0,1,1,2,2,2,0,2,2,2],
[0,0,0,0,0,0,0,1,0,0,0,0,0,0,0,0,0,0,0,0,0,0,0,0,0,0,0,0,2,2,2,2,0,1,1,0,2,2,2,2],
[0,0,0,0,0,0,0,0,1,0,0,0,0,0,0,0,0,0,0,0,0,0,0,0,0,0,1,1,1,0,1,1,2,2,0,0,0,0,0,1],
[0,0,0,0,0,0,0,0,0,1,0,0,0,0,0,0,0,0,0,0,0,0,0,0,0,0,0,1,1,1,2,0,1,1,2,0,0,0,1,0],
[0,0,0,0,0,0,0,0,0,0,1,0,0,0,0,0,0,0,0,0,0,0,0,0,0,0,0,1,0,1,2,2,2,2,0,1,0,2,2,0],
[0,0,0,0,0,0,0,0,0,0,0,1,0,0,0,0,0,0,0,0,0,0,0,0,0,0,2,0,2,2,0,2,2,2,2,1,2,0,2,1],
[0,0,0,0,0,0,0,0,0,0,0,0,1,0,0,0,0,0,0,0,0,0,0,0,0,0,2,2,0,2,2,0,2,2,2,2,1,1,2,0],
[0,0,0,0,0,0,0,0,0,0,0,0,0,1,0,0,0,0,0,0,0,0,0,0,0,0,1,0,1,0,2,2,0,2,2,0,1,0,2,2],
[0,0,0,0,0,0,0,0,0,0,0,0,0,0,1,0,0,0,0,0,0,0,0,0,0,0,1,0,0,1,2,2,2,0,2,2,2,0,1,0],
[0,0,0,0,0,0,0,0,0,0,0,0,0,0,0,1,0,0,0,0,0,0,0,0,0,0,1,1,0,0,1,1,2,2,0,2,1,1,1,2],
[0,0,0,0,0,0,0,0,0,0,0,0,0,0,0,0,1,0,0,0,0,0,0,0,0,0,0,2,2,2,2,2,0,1,1,1,1,0,0,0],
[0,0,0,0,0,0,0,0,0,0,0,0,0,0,0,0,0,1,0,0,0,0,0,0,0,0,2,2,2,0,0,1,1,2,2,0,1,1,0,0],
[0,0,0,0,0,0,0,0,0,0,0,0,0,0,0,0,0,0,1,0,0,0,0,0,0,0,0,0,1,1,1,2,2,0,1,1,1,2,2,1],
[0,0,0,0,0,0,0,0,0,0,0,0,0,0,0,0,0,0,0,1,0,0,0,0,0,0,0,1,1,0,2,0,1,1,2,1,1,1,2,2],
[0,0,0,0,0,0,0,0,0,0,0,0,0,0,0,0,0,0,0,0,1,0,0,0,0,0,0,2,1,2,2,0,0,2,0,0,0,1,0,1],
[0,0,0,0,0,0,0,0,0,0,0,0,0,0,0,0,0,0,0,0,0,1,0,0,0,0,1,2,2,1,0,0,2,0,2,0,2,0,2,2],
[0,0,0,0,0,0,0,0,0,0,0,0,0,0,0,0,0,0,0,0,0,0,1,0,0,0,2,1,2,0,0,2,0,2,0,1,0,0,1,0],
[0,0,0,0,0,0,0,0,0,0,0,0,0,0,0,0,0,0,0,0,0,0,0,1,0,0,1,1,0,2,2,0,2,0,0,1,2,1,2,1],
[0,0,0,0,0,0,0,0,0,0,0,0,0,0,0,0,0,0,0,0,0,0,0,0,1,0,2,0,1,1,0,2,0,0,2,1,2,1,1,2],
[0,0,0,0,0,0,0,0,0,0,0,0,0,0,0,0,0,0,0,0,0,0,0,0,0,1,1,1,1,1,0,0,0,0,0,1,1,1,1,1]]));



C_40_30_6_3:=LinearCode(Matrix(GF(3),[[1,0,0,0,0,0,0,0,0,0,0,0,0,0,0,0,0,0,0,0,0,0,0,0,0,0,0,0,0,0,1,0,1,0,1,2,1,0,1,0],
[0,1,0,0,0,0,0,0,0,0,0,0,0,0,0,0,0,0,0,0,0,0,0,0,0,0,0,0,0,0,0,1,0,1,1,0,1,0,2,1],
[0,0,1,0,0,0,0,0,0,0,0,0,0,0,0,0,0,0,0,0,0,0,0,0,0,0,0,0,0,0,1,0,1,1,0,0,2,1,0,1],
[0,0,0,1,0,0,0,0,0,0,0,0,0,0,0,0,0,0,0,0,0,0,0,0,0,0,0,0,0,0,0,1,1,0,1,1,0,1,0,2],
[0,0,0,0,1,0,0,0,0,0,0,0,0,0,0,0,0,0,0,0,0,0,0,0,0,0,0,0,0,0,1,1,0,1,0,1,0,2,1,0],
[0,0,0,0,0,1,0,0,0,0,0,0,0,0,0,0,0,0,0,0,0,0,0,0,0,0,0,0,0,0,2,2,0,1,2,1,1,1,0,0],
[0,0,0,0,0,0,1,0,0,0,0,0,0,0,0,0,0,0,0,0,0,0,0,0,0,0,0,0,0,0,1,2,2,2,0,1,1,0,0,1],
[0,0,0,0,0,0,0,1,0,0,0,0,0,0,0,0,0,0,0,0,0,0,0,0,0,0,0,0,0,0,2,0,1,2,2,1,0,0,1,1],
[0,0,0,0,0,0,0,0,1,0,0,0,0,0,0,0,0,0,0,0,0,0,0,0,0,0,0,0,0,0,2,2,2,0,1,0,0,1,1,1],
[0,0,0,0,0,0,0,0,0,1,0,0,0,0,0,0,0,0,0,0,0,0,0,0,0,0,0,0,0,0,0,1,2,2,2,0,1,1,1,0],
[0,0,0,0,0,0,0,0,0,0,1,0,0,0,0,0,0,0,0,0,0,0,0,0,0,0,0,0,0,0,2,1,1,2,0,0,0,2,1,1],
[0,0,0,0,0,0,0,0,0,0,0,1,0,0,0,0,0,0,0,0,0,0,0,0,0,0,0,0,0,0,0,2,1,1,2,1,1,0,0,2],
[0,0,0,0,0,0,0,0,0,0,0,0,1,0,0,0,0,0,0,0,0,0,0,0,0,0,0,0,0,0,2,0,2,1,1,0,2,1,1,0],
[0,0,0,0,0,0,0,0,0,0,0,0,0,1,0,0,0,0,0,0,0,0,0,0,0,0,0,0,0,0,1,2,0,2,1,1,0,0,2,1],
[0,0,0,0,0,0,0,0,0,0,0,0,0,0,1,0,0,0,0,0,0,0,0,0,0,0,0,0,0,0,1,1,2,0,2,2,1,1,0,0],
[0,0,0,0,0,0,0,0,0,0,0,0,0,0,0,1,0,0,0,0,0,0,0,0,0,0,0,0,0,0,0,1,0,2,1,1,1,2,0,2],
[0,0,0,0,0,0,0,0,0,0,0,0,0,0,0,0,1,0,0,0,0,0,0,0,0,0,0,0,0,0,0,2,1,0,1,2,1,1,2,0],
[0,0,0,0,0,0,0,0,0,0,0,0,0,0,0,0,0,1,0,0,0,0,0,0,0,0,0,0,0,0,1,0,1,0,2,0,2,1,1,2],
[0,0,0,0,0,0,0,0,0,0,0,0,0,0,0,0,0,0,1,0,0,0,0,0,0,0,0,0,0,0,1,0,2,1,0,2,0,2,1,1],
[0,0,0,0,0,0,0,0,0,0,0,0,0,0,0,0,0,0,0,1,0,0,0,0,0,0,0,0,0,0,2,1,0,1,0,1,2,0,2,1],
[0,0,0,0,0,0,0,0,0,0,0,0,0,0,0,0,0,0,0,0,1,0,0,0,0,0,0,0,0,0,0,0,1,1,0,1,0,1,1,0],
[0,0,0,0,0,0,0,0,0,0,0,0,0,0,0,0,0,0,0,0,0,1,0,0,0,0,0,0,0,0,0,1,1,0,0,1,1,0,1,0],
[0,0,0,0,0,0,0,0,0,0,0,0,0,0,0,0,0,0,0,0,0,0,1,0,0,0,0,0,0,0,1,1,0,0,0,0,1,0,1,1],
[0,0,0,0,0,0,0,0,0,0,0,0,0,0,0,0,0,0,0,0,0,0,0,1,0,0,0,0,0,0,1,0,0,0,1,0,1,1,0,1],
[0,0,0,0,0,0,0,0,0,0,0,0,0,0,0,0,0,0,0,0,0,0,0,0,1,0,0,0,0,0,0,0,0,1,1,1,0,1,0,1],
[0,0,0,0,0,0,0,0,0,0,0,0,0,0,0,0,0,0,0,0,0,0,0,0,0,1,0,0,0,0,1,2,2,2,2,2,1,2,2,1],
[0,0,0,0,0,0,0,0,0,0,0,0,0,0,0,0,0,0,0,0,0,0,0,0,0,0,1,0,0,0,2,2,1,2,2,1,2,2,1,2],
[0,0,0,0,0,0,0,0,0,0,0,0,0,0,0,0,0,0,0,0,0,0,0,0,0,0,0,1,0,0,2,2,2,2,1,2,2,1,2,1],
[0,0,0,0,0,0,0,0,0,0,0,0,0,0,0,0,0,0,0,0,0,0,0,0,0,0,0,0,1,0,2,1,2,2,2,2,1,2,1,2],
[0,0,0,0,0,0,0,0,0,0,0,0,0,0,0,0,0,0,0,0,0,0,0,0,0,0,0,0,0,1,2,2,2,1,2,1,2,1,2,2]]));


C_55_16_22_3:=LinearCode(Matrix(GF(3),[[1,0,0,0,0,0,0,0,0,0,0,0,0,0,0,0,0,2,0,0,0,2,2,2,0,2,2,0,1,2,2,1,2,0,2,0,0,2,1,0,1,1,2,1,0,2,2,1,1,1,2,1,0,2,1],
[0,1,0,0,0,0,0,0,0,0,0,0,0,0,0,0,1,2,2,2,1,2,0,1,1,0,1,0,0,0,0,1,0,2,2,2,1,0,2,0,0,2,0,2,0,0,1,0,2,0,2,2,1,0,2],
[0,0,1,0,0,0,0,0,0,0,0,0,0,0,0,0,1,2,1,2,1,0,1,2,1,1,2,2,0,2,2,1,2,1,0,0,1,1,0,0,1,0,0,0,1,0,1,0,2,2,1,0,2,2,2],
[0,0,0,1,0,0,0,0,0,0,0,0,0,0,0,0,1,0,0,2,2,2,1,1,2,0,2,0,2,2,1,2,0,2,1,1,2,2,2,0,1,0,2,0,2,2,2,2,2,2,1,2,2,0,2],
[0,0,0,0,1,0,0,0,0,0,0,0,0,0,0,0,1,1,0,1,1,0,2,2,2,1,0,2,0,0,0,2,2,2,0,2,0,0,1,0,0,1,0,1,1,1,0,1,2,0,2,0,0,0,0],
[0,0,0,0,0,1,0,0,0,0,0,0,0,0,0,0,0,1,2,1,2,1,2,2,1,2,1,2,1,1,2,2,0,0,1,0,0,0,1,0,0,1,1,0,1,0,2,2,1,0,2,2,2,1,0],
[0,0,0,0,0,0,1,0,0,0,0,0,0,0,0,0,1,1,1,2,1,1,1,0,0,1,1,2,1,0,1,2,1,2,1,0,2,1,1,2,2,2,2,1,2,0,0,0,1,0,0,0,0,2,2],
[0,0,0,0,0,0,0,1,0,0,0,0,0,0,0,0,0,1,1,0,1,1,0,0,2,2,2,2,2,1,0,2,0,0,0,1,0,1,2,0,2,0,0,1,0,1,2,0,2,0,0,0,0,1,1],
[0,0,0,0,0,0,0,0,1,0,0,0,0,0,0,0,2,0,0,0,2,0,2,0,1,2,2,1,2,2,2,0,2,1,0,1,1,2,1,0,2,0,0,2,2,1,0,2,2,1,1,1,2,1,0],
[0,0,0,0,0,0,0,0,0,1,0,0,0,0,0,0,2,1,0,2,0,2,1,2,1,0,1,2,1,1,2,0,2,0,2,2,2,0,0,0,2,2,1,2,0,2,0,2,0,2,2,2,1,2,0],
[0,0,0,0,0,0,0,0,0,0,1,0,0,0,0,0,2,0,0,2,1,2,2,1,1,2,0,2,0,2,0,0,0,1,2,0,0,0,1,2,0,0,1,0,2,2,1,2,0,2,2,1,0,0,1],
[0,0,0,0,0,0,0,0,0,0,0,1,0,0,0,0,1,0,1,2,2,2,2,2,1,1,0,1,2,0,2,2,2,2,0,0,0,1,2,1,1,0,0,2,0,1,1,1,0,1,1,0,1,0,0],
[0,0,0,0,0,0,0,0,0,0,0,0,1,0,0,0,1,1,1,0,1,1,2,1,0,0,2,0,0,1,2,0,1,0,1,0,0,0,1,1,1,0,1,1,1,2,1,2,1,1,2,0,1,0,1],
[0,0,0,0,0,0,0,0,0,0,0,0,0,1,0,0,2,1,0,2,1,2,2,0,2,0,2,0,1,0,0,1,1,2,1,0,1,0,1,0,2,0,0,2,1,1,0,0,2,2,0,0,0,1,2],
[0,0,0,0,0,0,0,0,0,0,0,0,0,0,1,0,1,2,2,2,1,0,2,2,2,2,2,1,1,0,1,2,0,2,2,0,0,0,1,2,1,1,0,0,0,1,0,0,0,1,1,1,0,1,1],
[0,0,0,0,0,0,0,0,0,0,0,0,0,0,0,1,0,1,2,2,2,1,0,1,2,0,2,2,2,2,2,1,1,2,1,1,0,0,2,2,0,0,0,1,0,0,0,1,1,1,0,1,1,0,1]]));



C_40_8_24_4:=LinearCode(Matrix(GF(4),[[1,0,0,0,1,0,0,0,0,0,1,1,w^2,1,w,1,1,1,w,w^2,0,w,1,w^2,0,1,1,1,1,0,w^2,w,1,1,1,w^2,0,w,w,w^2],
[0,1,0,0,1,0,0,0,0,0,0,w,w,w^2,w^2,0,w^2,w,w^2,w,0,w,w^2,w,w^2,0,1,0,0,1,1,w^2,0,0,w,1,w,1,1,w^2],
[0,0,1,0,1,0,0,0,0,0,w^2,w^2,0,w,w,w^2,w,w^2,w,0,w^2,w,w^2,0,w,1,0,1,0,0,0,w,1,w^2,0,w,1,1,w^2,1],
[0,0,0,1,1,0,0,0,0,0,w,1,1,w^2,1,w,w^2,1,1,1,w,1,w^2,0,0,1,1,0,1,1,1,w^2,w,1,1,w,w^2,w^2,0,w],
[0,0,0,0,0,1,0,0,0,1,1,0,0,1,0,0,0,w^2,1,w,w^2,1,w,0,0,w^2,w^2,0,w,w,1,w,w^2,1,1,1,1,w^2,1,w],
[0,0,0,0,0,0,1,0,0,1,0,0,1,1,0,0,w^2,w,w^2,w,1,1,w,w^2,1,1,0,w^2,w,0,0,w^2,w,w^2,w,0,w,w,w^2,w^2],
[0,0,0,0,0,0,0,1,0,1,0,0,0,1,1,w^2,w,0,w^2,w,1,w,w^2,1,1,w^2,w,0,1,0,w,0,w^2,w,w^2,w^2,w^2,0,w,w],
[0,0,0,0,0,0,0,0,1,1,0,1,0,1,0,w,0,0,w^2,1,0,0,w^2,1,w,w^2,0,w,w,w^2,w^2,1,1,1,w,w,1,1,w^2,1]])) where w:=GF(4).1;


C_40_27_8_4:=LinearCode(Matrix(GF(4),[[1,0,0,0,0,0,0,0,0,0,0,0,0,0,0,0,0,0,0,0,0,0,0,0,0,0,1,w^2,w^2,w^2,0,0,1,w^2,1,w,
    1,w,w,w^2],
[0,1,0,0,0,0,0,0,0,0,0,0,0,0,0,0,0,0,0,0,0,0,0,0,0,0,0,w^2,w,0,0,1,w^2,1,0,1,1,0,
    1,w],
[0,0,1,0,0,0,0,0,0,0,0,0,0,0,0,0,0,0,0,0,0,0,0,0,0,0,w,w,w,1,0,w,0,1,1,w^2,w,1,w,
    w],
[0,0,0,1,0,0,0,0,0,0,0,0,0,0,0,0,0,0,0,0,0,0,0,0,0,0,w^2,w,0,0,0,w,w^2,w^2,w,1,w,
    w,w^2,w],
[0,0,0,0,1,0,0,0,0,0,0,0,0,0,0,0,0,0,0,0,0,0,0,0,0,0,0,0,w^2,w,0,1,1,0,w,0,1,0,
    w^2,0],
[0,0,0,0,0,1,0,0,0,0,0,0,0,0,0,0,0,0,0,0,0,0,0,0,0,0,0,w,w,w,0,w^2,w^2,1,w,w,w^2,
    1,1,1],
[0,0,0,0,0,0,1,0,0,0,0,0,0,0,0,0,0,0,0,0,0,0,0,0,0,0,w,w,0,0,0,w^2,1,w,w,0,w,w,w,
    1],
[0,0,0,0,0,0,0,1,0,0,0,0,0,0,0,0,0,0,0,0,0,0,0,0,0,0,0,w,w,0,0,0,w,1,w^2,0,0,0,
    w^2,w],
[0,0,0,0,0,0,0,0,1,0,0,0,0,0,0,0,0,0,0,0,0,0,0,0,0,0,0,0,w,w,0,w,1,1,w^2,1,1,w,
    w^2,1],
[0,0,0,0,0,0,0,0,0,1,0,0,0,0,0,0,0,0,0,0,0,0,0,0,0,0,w,w,w,0,0,w,1,w^2,0,w,1,0,w,
    w],
[0,0,0,0,0,0,0,0,0,0,1,0,0,0,0,0,0,0,0,0,0,0,0,0,0,0,w^2,w^2,1,w,0,w,w^2,w^2,w,1,
    w^2,w^2,1,w],
[0,0,0,0,0,0,0,0,0,0,0,1,0,0,0,0,0,0,0,0,0,0,0,0,0,0,w,1,w^2,0,0,w,0,1,1,0,w^2,0,
    w,w],
[0,0,0,0,0,0,0,0,0,0,0,0,1,0,0,0,0,0,0,0,0,0,0,0,0,0,w,1,1,w^2,0,1,w^2,1,0,w,w,0,
    w^2,0],
[0,0,0,0,0,0,0,0,0,0,0,0,0,1,0,0,0,0,0,0,0,0,0,0,0,0,0,w,1,w^2,0,0,1,w^2,1,w,1,
    w^2,w^2,1],
[0,0,0,0,0,0,0,0,0,0,0,0,0,0,1,0,0,0,0,0,0,0,0,0,0,0,w^2,1,w,w,0,1,1,0,w,0,w,1,w,
    0],
[0,0,0,0,0,0,0,0,0,0,0,0,0,0,0,1,0,0,0,0,0,0,0,0,0,0,w^2,w,w,w^2,0,1,1,1,1,1,0,0,
    0,0],
[0,0,0,0,0,0,0,0,0,0,0,0,0,0,0,0,1,0,0,0,0,0,0,0,0,0,1,1,0,w^2,0,0,0,1,0,w,w^2,w,
    w,w],
[0,0,0,0,0,0,0,0,0,0,0,0,0,0,0,0,0,1,0,0,0,0,0,0,0,0,0,1,w,1,0,1,0,0,0,w^2,w^2,w,
    w^2,w^2],
[0,0,0,0,0,0,0,0,0,0,0,0,0,0,0,0,0,0,1,0,0,0,0,0,0,0,1,w,1,0,0,0,0,0,1,w^2,w^2,
    w^2,w,w^2],
[0,0,0,0,0,0,0,0,0,0,0,0,0,0,0,0,0,0,0,1,0,0,0,0,0,0,w^2,0,1,1,0,0,1,0,0,w,w,w,w,
    w^2],
[0,0,0,0,0,0,0,0,0,0,0,0,0,0,0,0,0,0,0,0,1,0,0,0,0,0,1,w^2,w^2,w^2,0,w^2,w^2,1,w,
    w,0,w^2,w^2,w],
[0,0,0,0,0,0,0,0,0,0,0,0,0,0,0,0,0,0,0,0,0,1,0,0,0,0,0,w^2,w,0,0,0,w,1,w^2,w^2,
    w^2,w,w,0],
[0,0,0,0,0,0,0,0,0,0,0,0,0,0,0,0,0,0,0,0,0,0,1,0,0,0,w,w,w,1,0,w,1,w^2,0,0,0,w,1,
    1],
[0,0,0,0,0,0,0,0,0,0,0,0,0,0,0,0,0,0,0,0,0,0,0,1,0,0,w^2,w,0,0,0,w^2,1,w,w,w,1,1,
    0,0],
[0,0,0,0,0,0,0,0,0,0,0,0,0,0,0,0,0,0,0,0,0,0,0,0,1,0,0,0,w^2,w,0,w,1,1,w^2,w,w^2,
    w^2,1,w],
[0,0,0,0,0,0,0,0,0,0,0,0,0,0,0,0,0,0,0,0,0,0,0,0,0,1,1,1,1,1,0,0,0,0,0,1,1,1,1,
    1],
[0,0,0,0,0,0,0,0,0,0,0,0,0,0,0,0,0,0,0,0,0,0,0,0,0,0,0,0,0,0,1,1,1,1,1,1,1,1,1,
    1]])) where w:=GF(4).1;



C_40_11_20_4:=LinearCode(Matrix(GF(4),[[1,0,0,0,0,0,0,0,0,1,0,w^2,1,w^2,0,w,0,w^2,w^2,w^2,0,1,0,1,w,0,w,1,1,0,w,1,0,w^2,
   w,w^2,w^2,w^2,w^2,w],
[0,1,0,0,0,0,0,0,0,1,0,w,0,1,1,1,w^2,w,w,0,0,1,1,1,w,0,0,0,w,1,0,1,w^2,w,w,w,w^2,
   0,w^2,0],
[0,0,1,0,0,0,0,0,0,1,0,w,w^2,1,0,w^2,w^2,w,0,w,0,1,1,1,w^2,w^2,1,0,0,0,1,w,1,w,0,
   w^2,1,0,0,w],
[0,0,0,1,0,0,0,0,0,1,0,1,w^2,0,0,w^2,w^2,0,w,0,0,0,1,1,w^2,1,0,w^2,1,0,w^2,w,w^2,
   w^2,w^2,w^2,w,w,1,0],
[0,0,0,0,1,0,0,0,0,1,0,w,1,w^2,w^2,0,w,1,w^2,w^2,0,0,1,0,w^2,0,0,1,0,w^2,0,w,1,0,
   w,0,w,1,0,w],
[0,0,0,0,0,1,0,0,0,1,0,0,0,w,w,w,w^2,w,w,1,0,w,0,1,w^2,0,1,1,1,1,0,w,1,0,w^2,1,0,
   w,0,w^2],
[0,0,0,0,0,0,1,0,0,1,0,0,w,0,w,1,1,0,w^2,w^2,0,0,1,w,w,0,1,0,1,1,0,w^2,w^2,1,0,w,
   1,0,0,w],
[0,0,0,0,0,0,0,1,0,1,0,w,0,0,w,w^2,w^2,1,1,0,0,w,w,w^2,0,w^2,w,w^2,w,w^2,1,1,w^2,
   w,w,w^2,w,w,0,0],
[0,0,0,0,0,0,0,0,1,1,0,w,w,w,0,w^2,0,1,0,0,0,1,w^2,0,w,1,1,1,0,1,w^2,0,w^2,1,w,
   w^2,0,w,w^2,1],
[0,0,0,0,0,0,0,0,0,0,1,1,1,1,1,1,1,1,1,1,0,0,0,0,0,0,0,0,0,0,w,w,w,w,w,w,w,w,w,
   w],
[0,0,0,0,0,0,0,0,0,0,0,0,0,0,0,0,0,0,0,0,1,1,1,1,1,1,1,1,1,1,1,1,1,1,1,1,1,1,1,
   1]])) where w:=GF(4).1;



C_42_29_8_4:=LinearCode(Matrix(GF(4),[[1,0,0,0,0,0,0,0,0,0,0,0,0,0,0,0,0,0,0,0,0,0,0,0,0,w^2,w,0,0,0,0,0,w^2,w^2,1,0,w,
   1,w^2,0,0,1],
[0,1,0,0,0,0,0,0,0,0,0,0,0,0,0,0,0,0,0,0,0,0,0,0,0,0,w^2,w,0,0,0,0,w^2,w,w,w,1,0,
   w^2,w^2,w,w],
[0,0,1,0,0,0,0,0,0,0,0,0,0,0,0,0,0,0,0,0,0,0,0,0,0,w,w,w^2,0,0,0,0,w,0,1,0,w^2,1,
   w^2,w^2,1,w],
[0,0,0,1,0,0,0,0,0,0,0,0,0,0,0,0,0,0,0,0,0,0,0,0,0,w^2,1,w,0,0,0,0,0,1,w^2,w,w^2,
   w^2,1,0,0,0],
[0,0,0,0,1,0,0,0,0,0,0,0,0,0,0,0,0,0,0,0,0,0,0,0,0,w,1,1,0,0,0,0,1,w,w^2,w^2,1,
   w^2,w^2,0,w^2,w],
[0,0,0,0,0,1,0,0,0,0,0,0,0,0,0,0,0,0,0,0,0,0,0,0,0,1,w^2,1,0,0,0,0,w,1,w,1,0,w,0,
   w,w,0],
[0,0,0,0,0,0,1,0,0,0,0,0,0,0,0,0,0,0,0,0,0,0,0,0,0,1,0,w^2,0,0,0,0,1,w^2,0,w^2,
   w^2,w^2,0,w^2,w^2,w],
[0,0,0,0,0,0,0,1,0,0,0,0,0,0,0,0,0,0,0,0,0,0,0,0,0,w,w^2,1,0,0,0,0,w^2,w,0,w^2,1,
   0,w^2,w^2,1,w^2],
[0,0,0,0,0,0,0,0,1,0,0,0,0,0,0,0,0,0,0,0,0,0,0,0,0,w,1,0,0,0,0,0,0,w^2,w,w^2,0,w,
   w^2,1,w^2,w^2],
[0,0,0,0,0,0,0,0,0,1,0,0,0,0,0,0,0,0,0,0,0,0,0,0,0,1,w^2,w^2,0,0,0,0,w,w,w^2,0,w,
   w^2,w,w^2,1,w],
[0,0,0,0,0,0,0,0,0,0,1,0,0,0,0,0,0,0,0,0,0,0,0,0,0,0,w,1,0,0,0,0,w^2,1,w,w^2,1,0,
   w,1,w^2,0],
[0,0,0,0,0,0,0,0,0,0,0,1,0,0,0,0,0,0,0,0,0,0,0,0,0,w^2,w,w^2,0,0,0,0,w,1,1,w,w,w,
   1,0,0,w],
[0,0,0,0,0,0,0,0,0,0,0,0,1,0,0,0,0,0,0,0,0,0,0,0,0,1,1,w,0,0,0,0,1,w^2,1,1,0,w,0,
   1,w,0],
[0,0,0,0,0,0,0,0,0,0,0,0,0,1,0,0,0,0,0,0,0,0,0,0,0,w^2,0,w,0,0,0,0,1,0,w^2,1,1,0,
   0,0,w^2,1],
[0,0,0,0,0,0,0,0,0,0,0,0,0,0,1,0,0,0,0,0,0,0,0,0,0,w^2,w^2,1,0,0,0,0,w,w^2,1,w,
   w^2,w^2,0,w,0,0],
[0,0,0,0,0,0,0,0,0,0,0,0,0,0,0,1,0,0,0,0,0,0,0,0,0,w^2,w,w,0,0,0,0,w,1,0,1,w^2,
   w^2,w,0,w,0],
[0,0,0,0,0,0,0,0,0,0,0,0,0,0,0,0,1,0,0,0,0,0,0,0,0,w,0,1,0,0,0,0,1,w^2,w^2,0,1,w,
   1,1,1,1],
[0,0,0,0,0,0,0,0,0,0,0,0,0,0,0,0,0,1,0,0,0,0,0,0,0,0,1,w^2,0,0,0,0,0,w,1,1,0,w,1,
   1,w,1],
[0,0,0,0,0,0,0,0,0,0,0,0,0,0,0,0,0,0,1,0,0,0,0,0,0,1,w,w^2,0,0,0,0,w^2,w,w^2,0,0,
   1,1,w,0,1],
[0,0,0,0,0,0,0,0,0,0,0,0,0,0,0,0,0,0,0,1,0,0,0,0,0,w,1,w,0,0,0,0,1,1,w,1,0,w,0,w,
   0,w^2],
[0,0,0,0,0,0,0,0,0,0,0,0,0,0,0,0,0,0,0,0,1,0,0,0,0,1,w^2,0,0,0,0,0,w^2,0,w,w,0,w,
   w,w^2,0,w^2],
[0,0,0,0,0,0,0,0,0,0,0,0,0,0,0,0,0,0,0,0,0,1,0,0,0,1,1,0,0,0,0,0,0,0,0,1,w^2,1,
   w^2,w^2,w^2,1],
[0,0,0,0,0,0,0,0,0,0,0,0,0,0,0,0,0,0,0,0,0,0,1,0,0,0,1,1,0,0,0,0,0,0,0,w^2,w^2,
   w^2,1,1,w^2,1],
[0,0,0,0,0,0,0,0,0,0,0,0,0,0,0,0,0,0,0,0,0,0,0,1,0,1,1,1,0,0,0,0,0,0,0,0,w,w,w,0,
   0,w],
[0,0,0,0,0,0,0,0,0,0,0,0,0,0,0,0,0,0,0,0,0,0,0,0,1,1,0,1,0,0,0,0,0,0,0,w^2,w^2,1,
   1,w^2,1,w^2],
[0,0,0,0,0,0,0,0,0,0,0,0,0,0,0,0,0,0,0,0,0,0,0,0,0,0,0,0,1,0,0,0,1,1,0,1,1,w,1,w,
   w,w],
[0,0,0,0,0,0,0,0,0,0,0,0,0,0,0,0,0,0,0,0,0,0,0,0,0,0,0,0,0,1,0,0,0,1,1,w,w,1,1,w,
   1,w],
[0,0,0,0,0,0,0,0,0,0,0,0,0,0,0,0,0,0,0,0,0,0,0,0,0,0,0,0,0,0,1,0,1,1,1,0,w^2,0,
   w^2,w^2,w^2,0],
[0,0,0,0,0,0,0,0,0,0,0,0,0,0,0,0,0,0,0,0,0,0,0,0,0,0,0,0,0,0,0,1,1,0,1,w,1,w,w,w,
   1,1]])) where w:=GF(4).1;



C_42_25_10_4:=LinearCode(Matrix(GF(4),[[1,0,0,0,0,0,0,0,0,0,0,0,0,0,0,0,0,0,0,0,0,0,0,w,0,0,w^2,0,w,0,w,w^2,w,w,w,0,w^2,
   w,1,w,w,w],
[0,1,0,0,0,0,0,0,0,0,0,0,0,0,0,0,0,0,0,0,0,0,0,w^2,0,1,w^2,0,0,1,w,1,0,1,1,w,0,1,
   w,1,w^2,w],
[0,0,1,0,0,0,0,0,0,0,0,0,0,0,0,0,0,0,0,0,0,0,0,1,0,1,0,0,w,1,w,0,0,w,w,w^2,0,0,0,
   1,w^2,w],
[0,0,0,1,0,0,0,0,0,0,0,0,0,0,0,0,0,0,0,0,0,0,0,0,0,0,w,0,0,w^2,w,0,w,w,w^2,w,0,0,
   w,1,0,w^2],
[0,0,0,0,1,0,0,0,0,0,0,0,0,0,0,0,0,0,0,0,0,0,0,0,0,w,0,0,w^2,0,0,w,w,w^2,w,w,0,w,
   0,0,w^2,1],
[0,0,0,0,0,1,0,0,0,0,0,0,0,0,0,0,0,0,0,0,0,0,0,0,0,w,w,0,w^2,w^2,0,0,w,w^2,w^2,w,
   w^2,1,1,0,w,w^2],
[0,0,0,0,0,0,1,0,0,0,0,0,0,0,0,0,0,0,0,0,0,0,0,0,0,1,w,0,1,0,w,w^2,w^2,1,w,w^2,
   w^2,w^2,1,w,w^2,w],
[0,0,0,0,0,0,0,1,0,0,0,0,0,0,0,0,0,0,0,0,0,0,0,0,0,w^2,1,0,1,1,w,w,w^2,w,w^2,1,
   w^2,1,w^2,w,w^2,w^2],
[0,0,0,0,0,0,0,0,1,0,0,0,0,0,0,0,0,0,0,0,0,0,0,0,0,w,w^2,0,0,1,1,0,1,1,w^2,0,w^2,
   1,1,w,w,w^2],
[0,0,0,0,0,0,0,0,0,1,0,0,0,0,0,0,0,0,0,0,0,0,0,w,0,1,w,0,0,0,1,1,w^2,1,1,w,w^2,1,
   w^2,w,w^2,w],
[0,0,0,0,0,0,0,0,0,0,1,0,0,0,0,0,0,0,0,0,0,0,0,w^2,0,1,w,0,w,w^2,1,1,w,1,0,w,0,0,
   1,w,1,0],
[0,0,0,0,0,0,0,0,0,0,0,1,0,0,0,0,0,0,0,0,0,0,0,1,0,0,0,0,w,w^2,w,w,w^2,1,0,1,w^2,
   1,w,1,w^2,w^2],
[0,0,0,0,0,0,0,0,0,0,0,0,1,0,0,0,0,0,0,0,0,0,0,w,0,1,0,0,0,0,1,0,w^2,w,w^2,w,w^2,
   w,w,w,1,0],
[0,0,0,0,0,0,0,0,0,0,0,0,0,1,0,0,0,0,0,0,0,0,0,w^2,0,w^2,w,0,w,w^2,0,1,w,w^2,0,1,
   w^2,1,1,0,w^2,0],
[0,0,0,0,0,0,0,0,0,0,0,0,0,0,1,0,0,0,0,0,0,0,0,1,0,w,w,0,w,w^2,0,0,0,w^2,1,1,0,
   w^2,w^2,w^2,w^2,1],
[0,0,0,0,0,0,0,0,0,0,0,0,0,0,0,1,0,0,0,0,0,0,0,w^2,0,w^2,w^2,0,w,1,0,w^2,1,w^2,1,
   0,0,w,1,w^2,1,w^2],
[0,0,0,0,0,0,0,0,0,0,0,0,0,0,0,0,1,0,0,0,0,0,0,1,0,w^2,w,0,0,w^2,w,w^2,0,w,0,1,
   w^2,w^2,0,1,0,w],
[0,0,0,0,0,0,0,0,0,0,0,0,0,0,0,0,0,1,0,0,0,0,0,w,0,0,1,0,w,w,w^2,1,0,0,0,0,0,w,w,
   w^2,0,0],
[0,0,0,0,0,0,0,0,0,0,0,0,0,0,0,0,0,0,1,0,0,0,0,w^2,0,w,0,0,1,0,w,w,0,1,0,w^2,0,0,
   0,w,w,0],
[0,0,0,0,0,0,0,0,0,0,0,0,0,0,0,0,0,0,0,1,0,0,0,1,0,1,w^2,0,w,0,w,w^2,w^2,1,1,1,
   w^2,0,w,1,0,0],
[0,0,0,0,0,0,0,0,0,0,0,0,0,0,0,0,0,0,0,0,1,0,0,w,0,w^2,w^2,0,w^2,0,1,0,w,1,0,w^2,
   w^2,0,w,1,0,w],
[0,0,0,0,0,0,0,0,0,0,0,0,0,0,0,0,0,0,0,0,0,1,0,w^2,0,1,w,0,1,w,w,w^2,0,w^2,w,1,1,
   0,w^2,w,w^2,0],
[0,0,0,0,0,0,0,0,0,0,0,0,0,0,0,0,0,0,0,0,0,0,1,w,0,1,w,0,1,w,w^2,w,1,w^2,w,1,0,1,
   w,w^2,w,1],
[0,0,0,0,0,0,0,0,0,0,0,0,0,0,0,0,0,0,0,0,0,0,0,0,1,1,1,0,0,0,1,1,1,1,1,1,1,1,1,0,
   0,0],
[0,0,0,0,0,0,0,0,0,0,0,0,0,0,0,0,0,0,0,0,0,0,0,0,0,0,0,1,1,1,0,0,0,1,1,1,1,1,1,1,
   1,1]])) where w:=GF(4).1;



C_50_13_24_4:=LinearCode(Matrix(GF(4),[[1,0,0,0,0,0,0,0,0,1,0,0,w,1,w,0,0,0,w^2,w,w^2,w,1,0,1,1,1,w^2,w^2,1,1,w^2,1,w^2,1,w,0,1,1,w^2,w,0,w^2,w^2,w^2,w,0,w^2,0,
   0],
[0,1,0,0,0,0,0,0,0,1,0,0,1,w,w,0,0,w,w,1,w,w^2,0,1,1,w,w^2,w,w,0,w,w^2,0,0,0,0,w,1,w^2,1,1,0,0,w,w,w^2,0,0,w,0],
[0,0,1,0,0,0,0,0,0,1,0,0,1,1,1,0,0,w,0,w^2,0,w,w^2,1,1,w^2,0,1,0,w^2,0,0,w^2,w^2,1,w^2,0,w^2,w^2,w,1,w^2,1,w,0,1,1,1,w,
   w],
[0,0,0,1,0,0,0,0,0,1,0,0,w,w^2,0,0,0,0,w,w^2,0,1,1,1,0,0,0,1,1,1,w^2,0,w^2,0,1,1,w^2,0,w^2,0,w,0,1,w,0,0,w,0,1,w],
[0,0,0,0,1,0,0,0,0,1,0,0,w^2,w^2,1,0,0,w^2,w^2,1,w^2,w^2,1,w^2,w^2,w^2,w^2,1,w^2,w^2,w^2,0,1,w,1,w^2,0,1,w,1,1,w,w,w^2,
   w^2,1,w,w,w^2,w^2],
[0,0,0,0,0,1,0,0,0,1,0,0,w^2,0,w^2,0,0,1,w,w^2,w,w,w,0,w,0,1,0,w^2,w,1,0,0,w^2,w,w,w^2,0,1,0,w^2,w,1,w^2,w^2,w^2,w,1,0,
   0],
[0,0,0,0,0,0,1,0,0,1,0,0,1,1,0,0,0,w,1,w^2,1,0,w^2,1,w^2,1,0,1,w,w,w^2,w,0,1,0,1,w^2,1,w,1,w,w,w,1,w^2,0,w,w,1,1],
[0,0,0,0,0,0,0,1,0,1,0,0,1,w^2,w,0,0,w,w,0,0,w^2,0,w^2,0,w^2,1,w,w,w,0,0,w,1,w^2,w^2,0,w,1,0,0,w^2,w^2,1,1,0,1,w^2,1,
   w^2],
[0,0,0,0,0,0,0,0,1,1,0,0,w^2,1,w,0,0,1,0,1,w^2,w^2,0,w,w,w^2,w,0,w,w^2,w,w^2,1,1,1,0,0,w,w,0,1,0,w,w,1,w^2,w,w^2,1,w^2],
[0,0,0,0,0,0,0,0,0,0,1,0,1,w^2,w^2,0,0,0,0,0,0,w,1,1,w,0,1,w^2,w^2,1,w^2,w^2,1,0,1,0,w,1,1,w,w,1,1,w,0,0,w^2,w,w,w^2],
[0,0,0,0,0,0,0,0,0,0,0,1,w^2,w^2,1,0,0,0,0,0,w,1,1,w,0,1,0,1,w^2,w^2,w^2,1,0,1,w^2,w,0,w,1,1,1,1,w,0,w,w^2,0,w^2,w,w],
[0,0,0,0,0,0,0,0,0,0,0,0,0,0,0,1,0,1,w^2,w^2,0,1,w^2,w^2,1,0,w,1,1,w,0,w,1,1,w,w^2,w^2,1,0,1,0,w^2,w,w,w^2,w,1,1,w,0],
[0,0,0,0,0,0,0,0,0,0,0,0,0,0,0,0,1,w^2,w^2,1,1,0,1,w^2,w^2,w,1,1,w,0,w,0,w,1,1,w^2,1,0,1,w^2,w^2,0,w^2,w,w,1,1,w,0,w]
])) where w:=GF(4).1;


C_39_12_19_5:=LinearCode(Matrix(GF(5),[[1,0,0,0,0,0,0,0,0,0,0,0,4,3,4,2,0,3,0,0,2,4,2,0,2,3,4,3,3,0,0,4,3,1,0,4,3,4,1],
[0,1,0,0,0,0,0,0,0,0,0,0,4,3,1,0,3,2,2,0,0,4,2,2,1,0,4,2,1,1,0,3,1,0,1,3,1,2,1],
[0,0,1,0,0,0,0,0,0,0,0,0,4,0,0,2,3,4,0,3,4,1,2,0,1,0,4,1,4,0,1,2,4,3,1,3,0,0,2],
[0,0,0,1,0,0,0,0,0,0,0,0,4,3,0,2,0,3,2,3,1,4,0,4,3,0,0,0,2,3,1,2,3,1,2,3,4,3,1],
[0,0,0,0,1,0,0,0,0,0,0,0,4,2,2,2,3,3,2,0,0,1,0,1,1,3,0,0,1,1,2,2,2,4,1,4,3,1,4],
[0,0,0,0,0,1,0,0,0,0,0,0,4,4,0,0,2,0,2,3,0,1,2,0,3,3,1,0,0,4,1,3,1,2,4,4,3,0,2],
[0,0,0,0,0,0,1,0,0,0,0,0,4,3,2,0,4,3,0,2,2,1,0,0,3,0,0,1,4,2,4,3,1,1,2,0,3,4,0],
[0,0,0,0,0,0,0,1,0,0,0,0,4,3,2,2,3,0,0,4,0,4,4,2,3,3,3,1,4,1,2,4,1,0,0,4,4,3,3],
[0,0,0,0,0,0,0,0,1,0,0,0,4,0,2,0,3,0,2,3,2,4,1,0,1,2,1,2,4,0,0,3,2,4,3,2,4,3,2],
[0,0,0,0,0,0,0,0,0,1,0,0,4,3,0,4,0,0,0,3,2,1,0,2,1,4,4,1,0,4,3,1,2,4,2,0,0,3,1],
[0,0,0,0,0,0,0,0,0,0,1,0,4,0,0,1,3,3,4,0,2,4,0,2,3,3,2,4,0,4,2,4,3,4,1,3,4,4,0],
[0,0,0,0,0,0,0,0,0,0,0,1,4,0,2,0,0,3,1,3,0,3,2,2,1,3,1,2,1,4,1,2,2,0,0,1,2,4,0]]));




C_50_9_30_5:=LinearCode(Matrix(GF(5),[[1,0,0,0,0,0,0,0,0,1,0,2,2,1,1,3,2,1,2,3,2,2,3,3,1,0,4,2,3,2,2,4,3,4,3,0,1,1,1,3,
    2,2,2,4,1,2,0,3,4,2],
[0,1,0,0,0,0,0,0,0,1,1,4,3,0,3,0,3,2,1,0,0,3,1,0,2,0,2,3,4,2,4,4,1,3,4,4,3,1,3,0,
    1,3,0,4,3,2,4,1,2,2],
[0,0,1,0,0,0,0,0,0,1,3,0,0,1,2,2,0,3,2,4,1,1,2,3,4,0,2,1,0,3,0,1,1,1,3,1,2,3,3,2,
    3,2,1,2,3,2,4,0,0,0],
[0,0,0,1,0,0,0,0,0,1,2,2,1,3,3,1,2,0,3,0,3,2,0,4,2,1,2,1,3,4,4,2,3,1,1,3,4,2,0,2,
    3,4,0,3,1,0,4,0,4,3],
[0,0,0,0,1,0,0,0,0,1,3,1,3,4,0,2,1,2,0,1,1,4,1,2,3,2,3,1,3,2,2,1,4,3,1,3,1,4,4,4,
    1,4,2,2,2,3,2,0,4,2],
[0,0,0,0,0,1,0,0,0,4,0,1,4,2,3,3,0,0,0,2,1,4,1,3,1,2,3,1,3,1,4,3,3,0,0,4,2,0,3,1,
    0,4,2,3,1,0,3,4,1,2],
[0,0,0,0,0,0,1,0,0,4,3,1,0,1,0,0,3,0,0,2,2,0,0,4,4,3,0,4,4,4,4,2,1,3,0,0,1,2,3,4,
    1,4,1,0,4,2,3,2,0,3],
[0,0,0,0,0,0,0,1,0,4,0,4,0,2,4,0,0,3,0,2,0,1,1,3,0,1,1,1,2,0,4,2,0,1,3,3,2,1,0,4,
    4,0,1,4,1,3,0,2,3,2],
[0,0,0,0,0,0,0,0,1,4,4,1,3,2,0,0,0,0,3,2,1,4,2,4,4,2,4,2,4,3,2,2,0,0,1,3,0,2,4,1,
    1,3,2,4,0,2,1,4,3,0]]));



C_40_8_26_7:=LinearCode(Matrix(GF(7),[[1,0,0,0,6,0,0,0,0,0,6,3,6,0,6,6,5,5,1,4,6,3,2,0,3,5,2,3,0,4,5,2,2,1,4,6,6,3,5,1],
[0,1,0,0,6,0,0,0,0,0,2,2,6,6,5,4,6,2,0,2,2,2,5,2,3,5,6,1,2,0,0,4,3,5,2,2,4,4,4,0],
[0,0,1,0,6,0,0,0,0,0,1,2,5,5,1,1,5,0,5,3,2,5,4,5,5,0,2,1,6,5,2,5,0,3,4,3,3,3,0,5],
[0,0,0,1,6,0,0,0,0,0,1,1,4,1,0,6,3,1,2,2,4,5,0,4,1,4,0,3,2,5,3,2,5,5,6,2,6,1,1,4],
[0,0,0,0,0,1,0,0,0,6,0,1,5,0,1,4,5,1,4,0,2,5,0,3,4,3,5,2,2,2,3,4,4,0,3,1,1,2,5,5],
[0,0,0,0,0,0,1,0,0,6,0,2,5,1,6,2,6,5,4,4,2,1,4,5,2,5,1,0,4,4,3,0,0,4,0,2,3,0,3,6],
[0,0,0,0,0,0,0,1,0,6,1,0,5,2,6,3,3,5,1,2,6,3,2,5,5,0,3,3,2,6,0,4,0,0,3,4,1,5,4,0],
[0,0,0,0,0,0,0,0,1,6,2,0,6,0,6,0,3,2,6,3,4,3,5,2,0,2,5,5,5,4,3,0,4,4,3,2,6,6,5,2]]));



C_18_12_6_9:=LinearCode(Matrix(GF(9),[[  1,  0,  0,  0,  0,  0,  0,  0,  0,  0,  0,  0,w^7,w^2,w^2,  1,w^6,  1],
[  0,  1,  0,  0,  0,  0,  0,  0,  0,  0,  0,  0,w^2,w^7,w^2,  1,  1,w^6],
[  0,  0,  1,  0,  0,  0,  0,  0,  0,  0,  0,  0,w^2,w^2,w^7,w^6,  1,  1],
[  0,  0,  0,  1,  0,  0,  0,  0,  0,  0,  0,  0,w^6,w^3,  2,w^7,  0,  1],
[  0,  0,  0,  0,  1,  0,  0,  0,  0,  0,  0,  0,  2,w^6,w^3,  1,w^7,  0],
[  0,  0,  0,  0,  0,  1,  0,  0,  0,  0,  0,  0,w^3,  2,w^6,  0,  1,w^7],
[  0,  0,  0,  0,  0,  0,  1,  0,  0,  0,  0,  0,w^2,w^2,  1,  0,w^5,w^7],
[  0,  0,  0,  0,  0,  0,  0,  1,  0,  0,  0,  0,  1,w^2,w^2,w^7,  0,w^5],
[  0,  0,  0,  0,  0,  0,  0,  0,  1,  0,  0,  0,w^2,  1,w^2,w^5,w^7,  0],
[  0,  0,  0,  0,  0,  0,  0,  0,  0,  1,  0,  0,w^7,  0,w^6,w^6,  2,  w],
[  0,  0,  0,  0,  0,  0,  0,  0,  0,  0,  1,  0,w^6,w^7,  0,  w,w^6,  2],
[  0,  0,  0,  0,  0,  0,  0,  0,  0,  0,  0,  1,  0,w^6,w^7,  2,  w,w^6]])) where w:=GF(9).1;


C_21_16_5_9:=LinearCode(Matrix(GF(9),[[1,0,0,0,0,0,0,0,0,0,0,0,0,1,0,0,0,w,w^6,w^6,w],
[0,1,0,0,0,0,0,0,0,0,0,0,0,1,0,0,0,2,w^3,w^5,w^3],
[0,0,1,0,0,0,0,0,0,0,0,0,0,1,0,0,0,w^6,0,2,w],
[0,0,0,1,0,0,0,0,0,0,0,0,0,1,0,0,0,w^2,w,w^7,1],
[0,0,0,0,1,0,0,0,0,0,0,0,0,1,0,0,0,w^6,w^7,w,w^5],
[0,0,0,0,0,1,0,0,0,0,0,0,0,1,0,0,0,1,0,w^2,w^6],
[0,0,0,0,0,0,1,0,0,0,0,0,0,1,0,0,0,w^7,w^5,2,0],
[0,0,0,0,0,0,0,1,0,0,0,0,0,2,0,0,0,w^5,w,2,1],
[0,0,0,0,0,0,0,0,1,0,0,0,0,2,0,0,0,0,1,w^6,w],
[0,0,0,0,0,0,0,0,0,1,0,0,0,2,0,0,0,2,2,1,1],
[0,0,0,0,0,0,0,0,0,0,1,0,0,2,0,0,0,1,w^3,0,w^2],
[0,0,0,0,0,0,0,0,0,0,0,1,0,2,0,0,0,0,w^3,w^2,1],
[0,0,0,0,0,0,0,0,0,0,0,0,1,2,0,0,0,w^3,2,w^2,2],
[0,0,0,0,0,0,0,0,0,0,0,0,0,0,1,0,0,1,w^5,2,w^7],
[0,0,0,0,0,0,0,0,0,0,0,0,0,0,0,1,0,w^3,2,2,w],
[0,0,0,0,0,0,0,0,0,0,0,0,0,0,0,0,1,w^5,2,w^7,1]])) where w:=GF(9).1;



C_42_7_30_9:=LinearCode(Matrix(GF(9),[[1,0,0,0,0,0,0,w^7,w^2,2,2,w,w^7,w^3,1,w^5,w^3,w^7,w^3,w^6,0,0,1,w^7,w^3,w^7,0,
    w^7,w,w^5,2,2,w^3,1,2,0,0,w^2,w^6,w^5,1,1],
[0,1,0,0,0,0,0,w^7,w^3,w^7,w^2,2,2,w,w^7,w^3,w^6,0,1,w^5,w^3,w^7,0,1,w^7,w^3,w^7,
    0,1,2,w,w^5,2,2,w^3,w^6,w^5,1,1,0,0,w^2],
[0,0,1,0,0,0,0,2,w,w^7,w^3,w^7,w^2,2,0,1,w^5,w^3,w^7,w^3,w^6,0,w^7,0,1,w^7,w^3,
    w^7,2,w^3,1,2,w,w^5,2,1,0,0,w^2,w^6,w^5,1],
[0,0,0,1,0,0,0,w^2,2,2,w,w^7,w^3,w^7,w^3,w^7,w^3,w^6,0,1,w^5,w^7,0,w^7,0,1,w^7,
    w^3,w^5,2,2,w^3,1,2,w,w^2,w^6,w^5,1,1,0,0],
[0,0,0,0,1,0,0,w^3,w^7,w^2,2,2,w,w^7,w^6,0,1,w^5,w^3,w^7,w^3,w^3,w^7,0,w^7,0,1,
    w^7,2,w,w^5,2,2,w^3,1,1,1,0,0,w^2,w^6,w^5],
[0,0,0,0,0,1,0,w,w^7,w^3,w^7,w^2,2,2,w^5,w^3,w^7,w^3,w^6,0,1,w^7,w^3,w^7,0,w^7,0,
    1,w^3,1,2,w,w^5,2,2,0,w^2,w^6,w^5,1,1,0],
[0,0,0,0,0,0,1,2,2,w,w^7,w^3,w^7,w^2,w^3,w^6,0,1,w^5,w^3,w^7,1,w^7,w^3,w^7,0,w^7,
    0,2,2,w^3,1,2,w,w^5,w^5,1,1,0,0,w^2,w^6]])) where w:=GF(9).1;
