[32,19,8]_3
[1 0 0 0 0 0 0 0 0 0 0 0 0 0 0 1 0 0 0 2 0 2 2 0 1 1 2 2 0 2 0 2]
[0 1 0 0 0 0 0 0 0 0 0 0 0 0 0 2 0 0 0 0 0 0 2 2 2 0 0 1 2 0 1 2]
[0 0 1 0 0 0 0 0 0 0 0 0 0 0 0 1 0 0 0 2 0 2 0 2 1 2 2 1 2 2 2 1]
[0 0 0 1 0 0 0 0 0 0 0 0 0 0 0 2 0 0 0 0 0 2 0 2 1 0 1 1 2 1 2 0]
[0 0 0 0 1 0 0 0 0 0 0 0 0 0 0 1 0 0 0 1 0 2 1 1 2 1 1 0 0 1 0 0]
[0 0 0 0 0 1 0 0 0 0 0 0 0 0 0 2 0 0 0 2 0 1 0 0 0 0 1 0 1 2 2 0]
[0 0 0 0 0 0 1 0 0 0 0 0 0 0 0 1 0 0 0 1 0 0 2 2 0 2 0 2 1 0 0 0]
[0 0 0 0 0 0 0 1 0 0 0 0 0 0 0 2 0 0 0 2 0 2 0 2 2 1 2 2 0 1 0 1]
[0 0 0 0 0 0 0 0 1 0 0 0 0 0 0 1 0 0 0 1 0 0 2 1 2 0 0 2 2 2 2 2]
[0 0 0 0 0 0 0 0 0 1 0 0 0 0 0 2 0 0 0 2 0 1 1 1 2 0 0 2 0 1 0 2]
[0 0 0 0 0 0 0 0 0 0 1 0 0 0 0 1 0 0 0 1 0 1 1 1 2 1 0 1 2 0 1 2]
[0 0 0 0 0 0 0 0 0 0 0 1 0 0 0 2 0 0 0 2 0 1 2 0 1 0 1 2 0 1 1 1]
[0 0 0 0 0 0 0 0 0 0 0 0 1 0 0 1 0 0 0 2 0 0 2 1 0 0 2 1 2 1 1 1]
[0 0 0 0 0 0 0 0 0 0 0 0 0 1 0 2 0 0 0 0 0 1 2 0 1 2 2 1 0 0 2 1]
[0 0 0 0 0 0 0 0 0 0 0 0 0 0 1 1 0 0 0 2 0 0 0 0 1 1 1 0 0 1 1 0]
[0 0 0 0 0 0 0 0 0 0 0 0 0 0 0 0 1 0 0 2 0 0 2 1 0 2 1 0 2 1 0 0]
[0 0 0 0 0 0 0 0 0 0 0 0 0 0 0 0 0 1 0 2 0 1 1 1 0 2 0 1 1 1 0 1]
[0 0 0 0 0 0 0 0 0 0 0 0 0 0 0 0 0 0 1 2 0 1 2 0 1 2 0 0 2 0 0 1]
[0 0 0 0 0 0 0 0 0 0 0 0 0 0 0 0 0 0 0 0 1 2 1 2 0 0 0 0 1 2 1 2]

[36,22,8]_3
[1 0 0 0 0 0 0 0 0 0 0 2 0 0 0 0 0 0 0 0 0 0 0 0 0 0 2 1 1 1 2 0 1 2 2 0]
[0 1 0 0 0 0 0 0 0 0 0 2 0 0 0 0 0 0 0 0 0 0 1 2 0 0 1 0 1 0 2 2 1 1 1 0]
[0 0 1 0 0 0 0 0 0 0 0 2 0 0 0 0 0 0 0 0 0 1 0 2 0 0 0 1 0 1 0 2 2 1 1 1]
[0 0 0 1 0 0 0 0 0 0 0 2 0 0 0 0 0 0 0 0 0 1 0 2 0 0 1 0 2 2 2 1 1 2 0 1]
[0 0 0 0 1 0 0 0 0 0 0 2 0 0 0 0 0 0 0 0 0 0 1 2 0 0 2 0 1 2 1 0 1 0 0 2]
[0 0 0 0 0 1 0 0 0 0 0 2 0 0 0 0 0 0 0 0 0 0 0 0 0 0 0 2 2 1 0 2 1 0 2 2]
[0 0 0 0 0 0 1 0 0 0 0 2 0 0 0 0 0 0 0 0 0 0 0 0 0 0 0 2 1 0 1 2 2 2 0 2]
[0 0 0 0 0 0 0 1 0 0 0 2 0 0 0 0 0 0 0 0 0 0 1 2 0 0 2 2 0 2 2 1 1 1 0 1]
[0 0 0 0 0 0 0 0 1 0 0 2 0 0 0 0 0 0 0 0 0 1 0 2 0 0 1 2 2 1 2 2 2 2 2 2]
[0 0 0 0 0 0 0 0 0 1 0 2 0 0 0 0 0 0 0 0 0 1 0 2 0 0 1 2 0 0 0 0 1 0 0 2]
[0 0 0 0 0 0 0 0 0 0 1 2 0 0 0 0 0 0 0 0 0 0 1 2 0 0 2 1 0 0 0 0 2 1 1 2]
[0 0 0 0 0 0 0 0 0 0 0 0 1 0 0 0 0 0 0 0 0 0 0 2 0 0 2 2 0 1 2 2 2 0 1 0]
[0 0 0 0 0 0 0 0 0 0 0 0 0 1 0 0 0 0 0 0 0 0 2 0 0 0 2 1 1 1 0 2 1 2 0 2]
[0 0 0 0 0 0 0 0 0 0 0 0 0 0 1 0 0 0 0 0 0 2 0 0 0 0 2 2 1 0 2 0 1 1 2 1]
[0 0 0 0 0 0 0 0 0 0 0 0 0 0 0 1 0 0 0 0 0 2 0 0 0 0 0 1 2 2 1 2 0 2 2 0]
[0 0 0 0 0 0 0 0 0 0 0 0 0 0 0 0 1 0 0 0 0 0 2 0 0 0 0 2 1 2 2 0 1 0 2 2]
[0 0 0 0 0 0 0 0 0 0 0 0 0 0 0 0 0 1 0 0 0 0 0 2 0 0 0 2 2 1 0 1 2 2 0 2]
[0 0 0 0 0 0 0 0 0 0 0 0 0 0 0 0 0 0 1 0 0 0 0 2 0 0 0 1 2 0 1 2 2 0 2 2]
[0 0 0 0 0 0 0 0 0 0 0 0 0 0 0 0 0 0 0 1 0 0 2 0 0 0 0 2 0 1 2 1 2 2 2 0]
[0 0 0 0 0 0 0 0 0 0 0 0 0 0 0 0 0 0 0 0 1 2 0 0 0 0 0 0 1 2 2 2 1 2 0 2]
[0 0 0 0 0 0 0 0 0 0 0 0 0 0 0 0 0 0 0 0 0 0 0 0 1 0 2 1 0 2 1 0 2 1 0 2]
[0 0 0 0 0 0 0 0 0 0 0 0 0 0 0 0 0 0 0 0 0 0 0 0 0 1 2 1 2 0 0 1 2 1 2 0]

[39,21,10]_3
[1 0 0 0 0 0 0 0 0 0 0 0 2 0 0 0 0 0 0 0 0 0 0 0 2 1 0 0 2 0 2 0 1 2 2 1 0 1 1]
[0 1 0 0 0 0 0 0 0 0 0 0 2 0 0 0 0 0 0 0 0 0 2 0 2 2 0 2 2 2 0 1 2 2 1 1 1 0 1]
[0 0 1 0 0 0 0 0 0 0 0 0 2 0 0 0 0 0 0 0 0 0 0 2 0 1 1 0 2 1 2 2 0 0 0 0 0 0 1]
[0 0 0 1 0 0 0 0 0 0 0 0 2 0 0 0 0 0 0 0 0 0 2 2 2 0 0 2 2 2 1 2 2 2 0 1 0 2 2]
[0 0 0 0 1 0 0 0 0 0 0 0 2 0 0 0 0 0 0 0 0 0 2 1 0 0 0 1 2 0 0 1 0 2 1 2 0 2 1]
[0 0 0 0 0 1 0 0 0 0 0 0 2 0 0 0 0 0 0 0 0 0 2 0 0 1 2 1 1 2 1 1 0 0 2 1 1 1 2]
[0 0 0 0 0 0 1 0 0 0 0 0 2 0 0 0 0 0 0 0 0 0 1 2 0 0 1 1 1 2 1 2 2 2 0 2 1 2 1]
[0 0 0 0 0 0 0 1 0 0 0 0 2 0 0 0 0 0 0 0 0 0 1 0 1 1 2 2 2 2 1 0 0 2 1 2 1 1 2]
[0 0 0 0 0 0 0 0 1 0 0 0 2 0 0 0 0 0 0 0 0 0 0 1 1 1 0 1 1 0 1 1 1 2 1 1 1 0 2]
[0 0 0 0 0 0 0 0 0 1 0 0 2 0 0 0 0 0 0 0 0 0 2 1 2 1 2 2 1 0 2 2 0 0 0 2 0 0 1]
[0 0 0 0 0 0 0 0 0 0 1 0 2 0 0 0 0 0 0 0 0 0 1 0 0 2 2 1 0 0 2 1 1 0 0 0 0 0 2]
[0 0 0 0 0 0 0 0 0 0 0 1 2 0 0 0 0 0 0 0 0 0 2 1 1 2 2 1 1 1 2 2 1 0 2 1 1 1 0]
[0 0 0 0 0 0 0 0 0 0 0 0 0 1 0 0 0 0 0 0 0 0 1 0 2 2 1 0 1 0 2 1 1 1 1 0 0 2 2]
[0 0 0 0 0 0 0 0 0 0 0 0 0 0 1 0 0 0 0 0 0 0 1 1 2 1 1 2 0 1 2 2 1 0 2 1 1 0 2]
[0 0 0 0 0 0 0 0 0 0 0 0 0 0 0 1 0 0 0 0 0 0 2 1 2 0 0 0 1 1 0 2 0 1 1 1 0 0 2]
[0 0 0 0 0 0 0 0 0 0 0 0 0 0 0 0 1 0 0 0 0 0 0 2 1 2 0 0 2 0 0 1 1 0 2 0 1 1 1]
[0 0 0 0 0 0 0 0 0 0 0 0 0 0 0 0 0 1 0 0 0 0 1 0 1 0 2 1 2 0 2 0 1 1 2 1 0 1 2]
[0 0 0 0 0 0 0 0 0 0 0 0 0 0 0 0 0 0 1 0 0 0 0 1 0 1 0 1 2 2 1 2 0 2 0 1 1 2 1]
[0 0 0 0 0 0 0 0 0 0 0 0 0 0 0 0 0 0 0 1 0 0 2 0 2 1 0 2 0 0 2 1 1 0 1 0 2 1 2]
[0 0 0 0 0 0 0 0 0 0 0 0 0 0 0 0 0 0 0 0 1 0 2 2 1 0 1 1 1 0 0 2 2 1 0 1 0 2 1]
[0 0 0 0 0 0 0 0 0 0 0 0 0 0 0 0 0 0 0 0 0 1 0 2 2 1 0 2 1 1 1 1 0 0 2 2 1 0 1]

[40,26,8]_3
[1 0 0 0 0 0 0 0 0 0 0 0 0 0 0 0 0 0 0 0 0 0 0 0 0 0 1 1 0 1 2 1 2 1 1 0 1 2 2 1]
[0 1 0 0 0 0 0 0 0 0 0 0 0 0 0 0 0 0 0 0 0 0 0 0 0 0 1 0 1 1 1 2 1 1 2 2 2 1 0 1]
[0 0 1 0 0 0 0 0 0 0 0 0 0 0 0 0 0 0 0 0 0 0 0 0 0 0 0 2 0 2 2 1 1 2 1 0 2 0 1 1]
[0 0 0 1 0 0 0 0 0 0 0 0 0 0 0 0 0 0 0 0 0 0 0 0 0 0 2 0 0 2 1 1 2 1 2 0 1 1 0 2]
[0 0 0 0 1 0 0 0 0 0 0 0 0 0 0 0 0 0 0 0 0 0 0 0 0 0 2 0 2 0 1 2 1 2 1 1 0 2 0 1]
[0 0 0 0 0 1 0 0 0 0 0 0 0 0 0 0 0 0 0 0 0 0 0 0 0 0 2 2 0 0 1 2 2 0 1 2 2 0 2 2]
[0 0 0 0 0 0 1 0 0 0 0 0 0 0 0 0 0 0 0 0 0 0 0 0 0 0 0 2 2 0 0 1 1 2 2 2 0 2 2 2]
[0 0 0 0 0 0 0 1 0 0 0 0 0 0 0 0 0 0 0 0 0 0 0 0 0 0 0 0 2 2 2 2 0 1 1 0 2 2 2 2]
[0 0 0 0 0 0 0 0 1 0 0 0 0 0 0 0 0 0 0 0 0 0 0 0 0 0 1 1 1 0 1 1 2 2 0 0 0 0 0 1]
[0 0 0 0 0 0 0 0 0 1 0 0 0 0 0 0 0 0 0 0 0 0 0 0 0 0 0 1 1 1 2 0 1 1 2 0 0 0 1 0]
[0 0 0 0 0 0 0 0 0 0 1 0 0 0 0 0 0 0 0 0 0 0 0 0 0 0 0 1 0 1 2 2 2 2 0 1 0 2 2 0]
[0 0 0 0 0 0 0 0 0 0 0 1 0 0 0 0 0 0 0 0 0 0 0 0 0 0 2 0 2 2 0 2 2 2 2 1 2 0 2 1]
[0 0 0 0 0 0 0 0 0 0 0 0 1 0 0 0 0 0 0 0 0 0 0 0 0 0 2 2 0 2 2 0 2 2 2 2 1 1 2 0]
[0 0 0 0 0 0 0 0 0 0 0 0 0 1 0 0 0 0 0 0 0 0 0 0 0 0 1 0 1 0 2 2 0 2 2 0 1 0 2 2]
[0 0 0 0 0 0 0 0 0 0 0 0 0 0 1 0 0 0 0 0 0 0 0 0 0 0 1 0 0 1 2 2 2 0 2 2 2 0 1 0]
[0 0 0 0 0 0 0 0 0 0 0 0 0 0 0 1 0 0 0 0 0 0 0 0 0 0 1 1 0 0 1 1 2 2 0 2 1 1 1 2]
[0 0 0 0 0 0 0 0 0 0 0 0 0 0 0 0 1 0 0 0 0 0 0 0 0 0 0 2 2 2 2 2 0 1 1 1 1 0 0 0]
[0 0 0 0 0 0 0 0 0 0 0 0 0 0 0 0 0 1 0 0 0 0 0 0 0 0 2 2 2 0 0 1 1 2 2 0 1 1 0 0]
[0 0 0 0 0 0 0 0 0 0 0 0 0 0 0 0 0 0 1 0 0 0 0 0 0 0 0 0 1 1 1 2 2 0 1 1 1 2 2 1]
[0 0 0 0 0 0 0 0 0 0 0 0 0 0 0 0 0 0 0 1 0 0 0 0 0 0 0 1 1 0 2 0 1 1 2 1 1 1 2 2]
[0 0 0 0 0 0 0 0 0 0 0 0 0 0 0 0 0 0 0 0 1 0 0 0 0 0 0 2 1 2 2 0 0 2 0 0 0 1 0 1]
[0 0 0 0 0 0 0 0 0 0 0 0 0 0 0 0 0 0 0 0 0 1 0 0 0 0 1 2 2 1 0 0 2 0 2 0 2 0 2 2]
[0 0 0 0 0 0 0 0 0 0 0 0 0 0 0 0 0 0 0 0 0 0 1 0 0 0 2 1 2 0 0 2 0 2 0 1 0 0 1 0]
[0 0 0 0 0 0 0 0 0 0 0 0 0 0 0 0 0 0 0 0 0 0 0 1 0 0 1 1 0 2 2 0 2 0 0 1 2 1 2 1]
[0 0 0 0 0 0 0 0 0 0 0 0 0 0 0 0 0 0 0 0 0 0 0 0 1 0 2 0 1 1 0 2 0 0 2 1 2 1 1 2]
[0 0 0 0 0 0 0 0 0 0 0 0 0 0 0 0 0 0 0 0 0 0 0 0 0 1 1 1 1 1 0 0 0 0 0 1 1 1 1 1]

[40,30,6]_3
[1 0 0 0 0 0 0 0 0 0 0 0 0 0 0 0 0 0 0 0 0 0 0 0 0 0 0 0 0 0 1 0 1 0 1 2 1 0 1 0]
[0 1 0 0 0 0 0 0 0 0 0 0 0 0 0 0 0 0 0 0 0 0 0 0 0 0 0 0 0 0 0 1 0 1 1 0 1 0 2 1]
[0 0 1 0 0 0 0 0 0 0 0 0 0 0 0 0 0 0 0 0 0 0 0 0 0 0 0 0 0 0 1 0 1 1 0 0 2 1 0 1]
[0 0 0 1 0 0 0 0 0 0 0 0 0 0 0 0 0 0 0 0 0 0 0 0 0 0 0 0 0 0 0 1 1 0 1 1 0 1 0 2]
[0 0 0 0 1 0 0 0 0 0 0 0 0 0 0 0 0 0 0 0 0 0 0 0 0 0 0 0 0 0 1 1 0 1 0 1 0 2 1 0]
[0 0 0 0 0 1 0 0 0 0 0 0 0 0 0 0 0 0 0 0 0 0 0 0 0 0 0 0 0 0 2 2 0 1 2 1 1 1 0 0]
[0 0 0 0 0 0 1 0 0 0 0 0 0 0 0 0 0 0 0 0 0 0 0 0 0 0 0 0 0 0 1 2 2 2 0 1 1 0 0 1]
[0 0 0 0 0 0 0 1 0 0 0 0 0 0 0 0 0 0 0 0 0 0 0 0 0 0 0 0 0 0 2 0 1 2 2 1 0 0 1 1]
[0 0 0 0 0 0 0 0 1 0 0 0 0 0 0 0 0 0 0 0 0 0 0 0 0 0 0 0 0 0 2 2 2 0 1 0 0 1 1 1]
[0 0 0 0 0 0 0 0 0 1 0 0 0 0 0 0 0 0 0 0 0 0 0 0 0 0 0 0 0 0 0 1 2 2 2 0 1 1 1 0]
[0 0 0 0 0 0 0 0 0 0 1 0 0 0 0 0 0 0 0 0 0 0 0 0 0 0 0 0 0 0 2 1 1 2 0 0 0 2 1 1]
[0 0 0 0 0 0 0 0 0 0 0 1 0 0 0 0 0 0 0 0 0 0 0 0 0 0 0 0 0 0 0 2 1 1 2 1 1 0 0 2]
[0 0 0 0 0 0 0 0 0 0 0 0 1 0 0 0 0 0 0 0 0 0 0 0 0 0 0 0 0 0 2 0 2 1 1 0 2 1 1 0]
[0 0 0 0 0 0 0 0 0 0 0 0 0 1 0 0 0 0 0 0 0 0 0 0 0 0 0 0 0 0 1 2 0 2 1 1 0 0 2 1]
[0 0 0 0 0 0 0 0 0 0 0 0 0 0 1 0 0 0 0 0 0 0 0 0 0 0 0 0 0 0 1 1 2 0 2 2 1 1 0 0]
[0 0 0 0 0 0 0 0 0 0 0 0 0 0 0 1 0 0 0 0 0 0 0 0 0 0 0 0 0 0 0 1 0 2 1 1 1 2 0 2]
[0 0 0 0 0 0 0 0 0 0 0 0 0 0 0 0 1 0 0 0 0 0 0 0 0 0 0 0 0 0 0 2 1 0 1 2 1 1 2 0]
[0 0 0 0 0 0 0 0 0 0 0 0 0 0 0 0 0 1 0 0 0 0 0 0 0 0 0 0 0 0 1 0 1 0 2 0 2 1 1 2]
[0 0 0 0 0 0 0 0 0 0 0 0 0 0 0 0 0 0 1 0 0 0 0 0 0 0 0 0 0 0 1 0 2 1 0 2 0 2 1 1]
[0 0 0 0 0 0 0 0 0 0 0 0 0 0 0 0 0 0 0 1 0 0 0 0 0 0 0 0 0 0 2 1 0 1 0 1 2 0 2 1]
[0 0 0 0 0 0 0 0 0 0 0 0 0 0 0 0 0 0 0 0 1 0 0 0 0 0 0 0 0 0 0 0 1 1 0 1 0 1 1 0]
[0 0 0 0 0 0 0 0 0 0 0 0 0 0 0 0 0 0 0 0 0 1 0 0 0 0 0 0 0 0 0 1 1 0 0 1 1 0 1 0]
[0 0 0 0 0 0 0 0 0 0 0 0 0 0 0 0 0 0 0 0 0 0 1 0 0 0 0 0 0 0 1 1 0 0 0 0 1 0 1 1]
[0 0 0 0 0 0 0 0 0 0 0 0 0 0 0 0 0 0 0 0 0 0 0 1 0 0 0 0 0 0 1 0 0 0 1 0 1 1 0 1]
[0 0 0 0 0 0 0 0 0 0 0 0 0 0 0 0 0 0 0 0 0 0 0 0 1 0 0 0 0 0 0 0 0 1 1 1 0 1 0 1]
[0 0 0 0 0 0 0 0 0 0 0 0 0 0 0 0 0 0 0 0 0 0 0 0 0 1 0 0 0 0 1 2 2 2 2 2 1 2 2 1]
[0 0 0 0 0 0 0 0 0 0 0 0 0 0 0 0 0 0 0 0 0 0 0 0 0 0 1 0 0 0 2 2 1 2 2 1 2 2 1 2]
[0 0 0 0 0 0 0 0 0 0 0 0 0 0 0 0 0 0 0 0 0 0 0 0 0 0 0 1 0 0 2 2 2 2 1 2 2 1 2 1]
[0 0 0 0 0 0 0 0 0 0 0 0 0 0 0 0 0 0 0 0 0 0 0 0 0 0 0 0 1 0 2 1 2 2 2 2 1 2 1 2]
[0 0 0 0 0 0 0 0 0 0 0 0 0 0 0 0 0 0 0 0 0 0 0 0 0 0 0 0 0 1 2 2 2 1 2 1 2 1 2 2]

[55,16,22]_3
[1 0 0 0 0 0 0 0 0 0 0 0 0 0 0 0 0 2 0 0 0 2 2 2 0 2 2 0 1 2 2 1 2 0 2 0 0 2 1 0 1 1 2 1 0 2 2 1 1 1 2 1 0 2 1]
[0 1 0 0 0 0 0 0 0 0 0 0 0 0 0 0 1 2 2 2 1 2 0 1 1 0 1 0 0 0 0 1 0 2 2 2 1 0 2 0 0 2 0 2 0 0 1 0 2 0 2 2 1 0 2]
[0 0 1 0 0 0 0 0 0 0 0 0 0 0 0 0 1 2 1 2 1 0 1 2 1 1 2 2 0 2 2 1 2 1 0 0 1 1 0 0 1 0 0 0 1 0 1 0 2 2 1 0 2 2 2]
[0 0 0 1 0 0 0 0 0 0 0 0 0 0 0 0 1 0 0 2 2 2 1 1 2 0 2 0 2 2 1 2 0 2 1 1 2 2 2 0 1 0 2 0 2 2 2 2 2 2 1 2 2 0 2]
[0 0 0 0 1 0 0 0 0 0 0 0 0 0 0 0 1 1 0 1 1 0 2 2 2 1 0 2 0 0 0 2 2 2 0 2 0 0 1 0 0 1 0 1 1 1 0 1 2 0 2 0 0 0 0]
[0 0 0 0 0 1 0 0 0 0 0 0 0 0 0 0 0 1 2 1 2 1 2 2 1 2 1 2 1 1 2 2 0 0 1 0 0 0 1 0 0 1 1 0 1 0 2 2 1 0 2 2 2 1 0]
[0 0 0 0 0 0 1 0 0 0 0 0 0 0 0 0 1 1 1 2 1 1 1 0 0 1 1 2 1 0 1 2 1 2 1 0 2 1 1 2 2 2 2 1 2 0 0 0 1 0 0 0 0 2 2]
[0 0 0 0 0 0 0 1 0 0 0 0 0 0 0 0 0 1 1 0 1 1 0 0 2 2 2 2 2 1 0 2 0 0 0 1 0 1 2 0 2 0 0 1 0 1 2 0 2 0 0 0 0 1 1]
[0 0 0 0 0 0 0 0 1 0 0 0 0 0 0 0 2 0 0 0 2 0 2 0 1 2 2 1 2 2 2 0 2 1 0 1 1 2 1 0 2 0 0 2 2 1 0 2 2 1 1 1 2 1 0]
[0 0 0 0 0 0 0 0 0 1 0 0 0 0 0 0 2 1 0 2 0 2 1 2 1 0 1 2 1 1 2 0 2 0 2 2 2 0 0 0 2 2 1 2 0 2 0 2 0 2 2 2 1 2 0]
[0 0 0 0 0 0 0 0 0 0 1 0 0 0 0 0 2 0 0 2 1 2 2 1 1 2 0 2 0 2 0 0 0 1 2 0 0 0 1 2 0 0 1 0 2 2 1 2 0 2 2 1 0 0 1]
[0 0 0 0 0 0 0 0 0 0 0 1 0 0 0 0 1 0 1 2 2 2 2 2 1 1 0 1 2 0 2 2 2 2 0 0 0 1 2 1 1 0 0 2 0 1 1 1 0 1 1 0 1 0 0]
[0 0 0 0 0 0 0 0 0 0 0 0 1 0 0 0 1 1 1 0 1 1 2 1 0 0 2 0 0 1 2 0 1 0 1 0 0 0 1 1 1 0 1 1 1 2 1 2 1 1 2 0 1 0 1]
[0 0 0 0 0 0 0 0 0 0 0 0 0 1 0 0 2 1 0 2 1 2 2 0 2 0 2 0 1 0 0 1 1 2 1 0 1 0 1 0 2 0 0 2 1 1 0 0 2 2 0 0 0 1 2]
[0 0 0 0 0 0 0 0 0 0 0 0 0 0 1 0 1 2 2 2 1 0 2 2 2 2 2 1 1 0 1 2 0 2 2 0 0 0 1 2 1 1 0 0 0 1 0 0 0 1 1 1 0 1 1]
[0 0 0 0 0 0 0 0 0 0 0 0 0 0 0 1 0 1 2 2 2 1 0 1 2 0 2 2 2 2 2 1 1 2 1 1 0 0 2 2 0 0 0 1 0 0 0 1 1 1 0 1 1 0 1]


[64, 14, 29]_3
Generator matrix:
[1 0 0 0 0 0 0 1 0 0 0 2 0 1 0 1 0 0 2 2 0 1 0 0 1 1 2 1 0 1 1 0 0 1 1 1 0 2 2 2
    2 1 2 1 1 1 0 1 1 2 2 1 0 1 2 0 1 1 0 1 0 1 0 2]
[0 1 0 0 0 0 0 1 0 0 1 1 0 1 1 0 0 0 1 0 0 1 2 1 1 1 0 0 0 1 1 0 0 2 1 2 1 2 0 2
    1 1 1 1 1 0 0 0 0 1 1 0 0 2 1 2 1 0 2 1 0 0 1 0]
[0 0 1 0 0 0 0 1 0 0 1 1 0 0 2 0 0 0 2 2 0 1 0 0 0 0 0 2 1 1 1 2 0 2 2 2 0 2 2 2
    1 1 1 0 2 0 0 1 2 1 2 1 0 0 0 0 1 2 1 2 0 0 0 0]
[0 0 0 1 0 0 0 1 0 0 0 2 0 0 1 1 0 0 1 0 0 1 2 1 2 1 0 2 1 1 1 2 0 2 2 2 0 2 0 1
    2 0 0 1 2 0 2 2 1 2 1 2 1 2 1 2 0 0 0 0 1 2 1 2]
[0 0 0 0 1 0 0 2 0 0 0 0 0 2 1 0 0 0 1 2 0 2 2 2 0 0 2 1 1 0 0 2 0 2 0 0 1 1 2 1
    1 2 0 1 2 1 0 1 2 1 0 2 2 1 2 0 0 1 0 0 2 2 1 2]
[0 0 0 0 0 1 0 2 0 0 1 2 0 2 0 1 0 0 0 0 0 2 0 1 0 0 2 1 1 0 1 1 0 1 0 2 2 2 0 2
    2 2 1 1 1 0 2 0 0 2 2 2 2 0 2 2 1 1 2 2 0 2 0 1]
[0 0 0 0 0 0 1 2 0 0 1 2 0 0 2 1 0 0 1 2 0 0 2 1 0 0 0 0 1 2 0 0 0 2 1 1 2 0 2 0
    2 2 0 1 2 2 0 1 0 2 0 2 1 1 1 1 1 0 1 0 2 2 2 2]
[0 0 0 0 0 0 0 0 1 0 0 2 0 1 2 0 0 0 0 0 0 1 0 2 0 1 0 2 1 2 0 0 0 2 0 1 0 1 2 0
    2 0 2 2 0 0 2 1 0 0 2 1 1 0 0 2 2 1 1 2 2 0 2 2]
[0 0 0 0 0 0 0 0 0 1 2 0 0 1 2 0 0 0 0 0 0 1 0 2 1 0 1 1 2 1 1 2 0 0 1 1 1 1 2 1
    0 1 0 0 0 2 1 1 0 1 0 1 2 0 0 0 0 2 2 0 2 2 1 2]
[0 0 0 0 0 0 0 0 0 0 0 0 1 2 1 2 0 0 0 0 0 0 0 0 2 1 2 1 1 2 1 2 0 1 1 0 0 1 1 0
    0 2 2 0 1 1 1 1 0 1 1 0 0 1 1 0 0 2 2 0 1 1 1 1]
[0 0 0 0 0 0 0 0 0 0 0 0 0 0 0 0 1 0 2 0 0 1 0 2 2 2 1 1 0 1 0 2 0 2 2 1 1 2 2 0
    2 2 0 0 2 1 1 0 1 1 0 0 2 0 1 2 0 1 1 2 1 0 2 1]
[0 0 0 0 0 0 0 0 0 0 0 0 0 0 0 0 0 1 0 2 0 1 0 2 1 0 2 0 2 2 1 1 0 1 2 0 2 0 0 1
    2 0 0 1 2 2 1 1 1 0 0 2 2 2 1 1 0 2 1 0 0 2 1 0]
[0 0 0 0 0 0 0 0 0 0 0 0 0 0 0 0 0 0 0 0 1 2 2 1 1 2 2 1 2 1 1 2 0 0 0 0 1 2 1 2
    2 1 2 1 1 2 1 2 1 2 1 2 2 1 2 1 0 0 0 0 2 1 2 1]
[0 0 0 0 0 0 0 0 0 0 0 0 0 0 0 0 0 0 0 0 0 0 0 0 0 0 0 0 0 0 0 0 1 1 1 1 1 1 1 1
    2 2 2 2 2 2 2 2 1 1 1 1 1 1 1 1 2 2 2 2 2 2 2 2]

[169, 19, 84]_3 
Generator matrix:
[1 0 0 0 0 0 0 0 0 0 2 1 1 0 0 0 0 0 0 0 2 0 2 2 1 0 0 1 2 0 2 2 2 2 2 1 2 2 1 0
    2 1 0 0 2 0 0 1 2 2 1 2 2 2 1 2 2 2 0 0 1 2 2 0 2 2 0 2 1 2 2 1 1 1 2 0 0 0
    2 2 0 0 1 2 1 1 2 0 1 0 0 1 0 1 1 1 2 0 2 2 1 0 2 1 1 0 2 1 1 2 1 0 2 0 2 1
    0 1 1 1 0 0 0 0 0 0 1 2 2 1 2 2 1 1 2 2 0 1 0 1 0 1 2 1 0 2 2 0 0 0 0 0 0 1
    1 0 0 1 1 0 1 1 1 0 0 1 1 0 0]
[0 1 0 0 0 0 0 0 0 0 1 1 0 0 0 0 0 0 0 0 1 2 1 0 1 1 0 1 1 1 0 2 2 2 2 0 1 2 0 0
    2 2 2 1 2 0 1 0 0 1 2 0 2 2 0 1 2 2 1 2 1 1 2 1 0 2 0 2 2 0 1 2 1 1 0 0 1 1
    1 0 2 0 2 2 1 0 2 2 2 1 0 2 0 1 2 2 1 1 0 2 0 0 0 0 1 0 0 0 2 1 0 0 0 1 0 0
    0 0 0 0 1 0 0 0 0 0 2 2 0 1 0 0 1 0 2 0 2 2 1 2 1 2 2 0 2 2 1 0 1 1 1 1 1 0
    1 2 0 2 0 1 2 0 0 1 0 2 0 1 0]
[0 0 1 0 0 0 0 0 0 0 0 1 1 0 0 0 0 0 0 0 2 1 1 1 0 0 0 1 2 1 0 1 2 0 0 2 0 1 0 0
    0 1 2 0 2 2 0 1 2 0 0 0 0 2 0 1 0 0 0 2 1 0 2 2 1 1 2 2 2 0 2 1 0 1 0 1 0 2
    2 0 2 1 1 2 1 1 0 0 1 0 1 0 1 0 1 0 2 1 2 1 1 0 2 0 1 1 1 2 2 0 1 1 2 1 1 1
    0 1 1 1 2 0 0 1 1 1 2 2 0 2 1 1 2 1 0 0 2 0 0 0 2 0 1 1 0 0 0 2 1 2 1 1 1 1
    1 1 2 1 0 0 2 2 1 2 1 1 0 1 0]
[0 0 0 1 0 0 0 0 0 0 1 2 0 0 0 0 0 0 0 0 1 2 2 2 0 0 0 2 2 2 2 1 2 0 1 2 0 1 0 0
    1 2 1 2 1 2 2 2 2 0 2 1 2 1 1 1 2 1 0 0 1 2 1 2 0 0 1 0 1 0 1 1 0 2 2 0 1 0
    2 0 0 2 0 2 1 0 2 0 2 1 0 2 0 0 2 0 1 2 2 0 0 1 1 1 2 1 2 0 1 0 2 1 2 2 2 0
    1 1 0 0 1 2 0 0 1 1 0 0 0 2 2 2 0 1 2 1 0 1 0 2 0 1 1 0 1 1 1 0 2 1 2 1 1 0
    0 1 0 1 0 0 2 1 1 1 2 0 0 0 1]
[0 0 0 0 1 0 0 0 0 0 0 1 2 0 0 0 0 0 0 0 0 1 2 2 2 0 0 0 2 2 2 2 1 2 0 1 2 0 1 0
    2 0 1 0 1 0 1 1 1 1 2 1 1 0 2 2 2 0 2 1 1 2 0 2 0 2 2 0 2 0 2 0 0 2 1 1 2 0
    1 0 1 1 0 1 0 2 1 0 1 0 2 1 2 0 0 2 0 1 2 2 0 0 1 1 0 1 0 1 2 0 2 1 0 1 1 1
    2 1 0 2 2 0 1 2 2 0 0 2 2 2 1 2 2 0 1 2 1 0 1 0 2 0 1 1 0 1 1 1 0 2 1 2 1 1
    0 0 2 1 2 1 1 0 2 2 2 0 1 1 1]
[0 0 0 0 0 1 0 0 0 0 2 1 2 0 0 0 0 0 0 0 2 0 0 1 0 2 0 0 1 1 0 0 0 2 0 0 2 0 0 0
    1 2 2 0 1 0 2 1 2 2 1 0 0 1 2 2 2 2 1 0 0 1 2 1 2 1 1 0 0 0 1 2 0 0 0 0 0 1
    0 2 2 0 1 1 1 0 0 0 0 0 2 1 0 2 0 0 0 2 2 0 2 2 1 1 0 0 0 1 2 1 1 2 0 0 0 2
    1 1 0 2 0 0 1 2 0 0 2 0 2 1 0 0 0 0 2 0 2 2 0 2 0 0 2 2 2 0 1 2 2 1 0 2 0 0
    0 1 0 2 1 1 1 1 0 1 1 2 0 0 0]
[0 0 0 0 0 0 1 0 0 0 2 0 2 0 0 0 0 0 0 0 0 2 0 2 2 1 0 0 1 1 1 1 2 1 0 1 2 1 0 0
    2 0 2 1 1 1 0 0 1 1 1 2 1 2 1 0 2 0 1 0 2 0 2 2 0 0 1 1 1 1 0 2 2 1 0 2 0 2
    2 0 0 0 0 0 0 2 2 2 2 2 0 2 2 1 0 0 2 0 0 0 2 2 2 2 1 0 1 2 0 0 2 0 2 2 2 0
    2 2 1 0 0 1 0 0 1 2 2 1 1 1 2 1 2 1 2 0 1 2 1 2 2 2 0 0 2 0 1 0 1 1 1 0 2 1
    0 0 1 0 2 1 1 2 1 1 1 1 2 2 1]
[0 0 0 0 0 0 0 1 0 0 2 0 1 0 0 0 0 0 0 0 1 0 0 2 0 1 0 2 0 1 2 1 0 2 1 1 0 1 0 0
    0 0 1 1 2 2 2 2 2 1 2 2 1 2 0 0 0 1 0 1 2 2 2 1 0 2 1 0 0 2 0 2 2 1 0 2 0 2
    0 2 1 1 1 1 2 0 0 2 1 2 1 0 1 0 2 2 2 2 0 0 0 2 0 0 2 2 1 2 0 1 2 1 2 1 2 2
    1 0 2 1 0 0 2 2 2 0 0 2 2 2 1 2 1 0 0 2 2 0 0 1 2 2 0 0 0 2 0 2 1 2 1 1 0 0
    0 0 2 2 1 1 2 1 0 2 0 2 2 2 0]
[0 0 0 0 0 0 0 0 1 0 1 1 2 0 0 0 0 0 0 0 0 1 0 1 1 2 0 0 1 0 1 1 2 2 1 0 2 1 1 0
    2 2 1 0 1 0 0 2 0 1 0 2 0 1 1 1 2 1 1 0 1 1 0 1 1 1 0 2 0 0 0 0 0 2 2 2 0 2
    0 2 0 2 0 1 1 0 0 0 2 1 1 2 2 0 2 2 0 2 1 2 1 0 2 2 2 0 2 0 1 0 1 1 2 1 0 0
    0 2 1 0 1 0 1 1 1 1 2 2 2 1 0 0 0 0 1 2 1 2 1 1 1 0 2 1 0 2 1 1 0 2 2 1 1 2
    0 0 1 1 1 0 0 0 0 1 1 2 1 2 0]
[0 0 0 0 0 0 0 0 0 1 2 2 2 0 0 0 0 0 0 0 0 0 1 2 2 2 0 2 0 0 2 1 2 2 2 1 1 0 0 0
    0 2 0 1 2 2 1 2 0 0 1 2 2 1 0 1 0 2 2 2 1 0 1 2 2 2 2 1 1 2 1 2 1 2 0 2 0 0
    1 0 0 1 2 2 0 2 2 2 2 1 1 2 2 2 0 1 0 2 2 1 0 0 2 2 2 1 0 0 1 1 0 2 0 0 2 2
    2 2 2 1 1 2 0 0 0 0 0 1 0 1 2 1 2 1 2 2 0 1 1 0 1 0 0 0 2 2 1 1 1 0 0 0 2 0
    0 1 1 1 1 1 0 1 0 1 1 1 2 0 0]
[0 0 0 0 0 0 0 0 0 0 0 0 0 1 0 0 0 0 0 0 1 0 1 0 0 1 0 2 2 0 1 2 0 2 2 0 0 0 2 0
    0 1 0 2 2 0 0 0 1 0 1 2 0 0 2 2 1 2 2 2 1 1 2 0 0 0 0 1 0 2 1 0 2 0 1 2 0 2
    1 1 1 1 2 0 1 0 0 2 1 2 0 0 1 0 0 2 0 0 2 2 1 0 1 0 2 0 2 1 1 2 0 2 1 2 0 2
    0 0 2 2 1 1 0 2 2 2 1 0 2 1 1 2 1 0 0 2 1 2 2 1 0 1 1 1 0 2 2 2 2 2 0 0 0 0
    2 0 1 2 2 0 2 0 2 1 0 2 2 2 1]
[0 0 0 0 0 0 0 0 0 0 0 0 0 0 1 0 0 0 0 0 2 1 2 1 0 2 0 2 1 0 0 0 0 2 1 0 1 1 2 0
    1 0 2 2 1 0 1 1 0 2 0 0 2 2 0 2 0 1 2 2 0 2 1 1 2 0 1 0 2 2 2 2 2 0 0 0 0 2
    0 1 1 1 0 0 0 2 1 2 2 0 0 1 0 2 1 2 0 1 2 1 2 2 0 2 1 2 1 1 0 2 2 1 1 2 2 1
    2 0 0 2 0 2 0 0 2 2 0 0 0 0 0 2 1 1 0 1 1 2 0 1 1 2 0 1 0 0 2 2 2 2 1 2 2 2
    0 1 1 0 1 0 2 0 2 2 2 2 1 1 2]
[0 0 0 0 0 0 0 0 0 0 0 0 0 0 0 1 0 0 0 0 1 2 2 2 1 1 0 0 2 2 2 0 1 0 2 2 1 2 1 0
    0 2 0 1 1 1 0 1 2 0 0 2 2 2 1 2 0 2 0 1 0 1 1 1 1 2 0 2 0 1 0 2 1 2 1 2 0 2
    0 0 1 1 2 2 0 2 1 2 2 0 2 0 0 1 0 1 0 1 1 2 0 0 1 1 0 0 0 1 1 1 1 0 1 2 1 0
    0 1 0 0 1 2 0 0 0 2 1 1 0 2 1 2 0 1 1 2 2 0 1 1 1 2 0 1 0 1 1 0 0 0 1 0 1 1
    0 2 2 2 1 0 1 1 1 2 1 0 0 2 1]
[0 0 0 0 0 0 0 0 0 0 0 0 0 0 0 0 1 0 0 0 2 1 1 2 2 0 0 0 0 1 0 2 2 1 0 1 1 0 2 0
    1 0 0 2 0 2 2 1 1 0 0 2 0 1 2 1 0 0 2 0 2 1 1 0 0 0 0 0 0 2 1 1 1 2 2 0 0 2
    1 2 2 0 2 2 1 0 2 2 1 0 0 0 1 2 0 0 0 2 1 1 0 2 1 0 0 2 0 1 2 1 0 1 1 1 1 1
    2 2 2 1 2 0 2 1 1 1 1 1 2 2 2 2 1 0 1 2 1 0 1 0 1 0 1 2 2 2 0 0 2 2 1 2 1 2
    0 1 0 0 0 1 1 1 2 0 2 2 1 1 1]
[0 0 0 0 0 0 0 0 0 0 0 0 0 0 0 0 0 1 0 0 0 2 1 1 2 2 0 1 1 1 2 1 0 0 2 1 2 2 1 0
    1 2 1 1 0 1 0 0 2 2 1 1 2 2 0 1 0 2 2 1 2 1 0 0 2 0 1 1 1 1 0 2 2 2 0 0 1 1
    1 2 0 0 1 0 0 2 1 0 0 2 1 1 1 2 0 1 1 1 0 2 2 1 0 2 2 0 2 0 1 2 1 0 1 1 1 1
    1 1 1 1 0 1 2 1 0 0 0 0 0 1 1 2 2 1 0 1 2 1 0 1 0 1 0 0 1 1 1 2 2 1 1 0 1 0
    1 2 2 1 1 1 2 2 2 0 1 0 0 2 2]
[0 0 0 0 0 0 0 0 0 0 0 0 0 0 0 0 0 0 1 0 1 0 0 1 1 0 0 1 2 0 1 0 0 1 1 1 0 1 0 0
    2 1 1 2 2 2 0 2 0 1 2 2 0 0 2 0 0 0 2 2 0 1 1 1 1 0 2 1 0 2 1 2 0 1 2 1 2 2
    1 1 2 0 1 0 0 2 1 2 0 1 1 1 1 0 1 1 0 0 2 1 2 1 1 2 0 2 2 0 1 0 2 0 1 0 1 0
    1 2 1 1 0 2 2 2 1 0 2 1 0 2 1 0 0 2 1 2 2 1 0 1 1 1 2 1 1 1 1 1 2 2 2 2 1 2
    0 2 2 0 2 0 2 1 0 2 2 2 1 1 2]
[0 0 0 0 0 0 0 0 0 0 0 0 0 0 0 0 0 0 0 1 0 1 0 0 1 1 0 0 1 2 0 1 0 0 1 1 1 0 1 0
    1 0 2 2 0 0 0 1 0 1 2 0 0 2 2 1 2 2 2 1 1 2 0 0 0 0 1 0 2 1 0 2 0 1 2 0 2 0
    0 0 0 1 2 0 2 2 1 0 1 2 0 2 1 1 0 1 1 0 0 2 1 2 1 1 2 1 0 0 1 2 1 0 1 2 1 2
    1 0 0 2 2 1 0 0 0 2 1 0 2 1 2 1 0 0 2 1 2 2 1 0 1 1 1 2 1 1 1 1 1 2 2 2 2 1
    2 0 1 1 2 1 2 1 0 2 1 1 1 0 0]
[0 0 0 0 0 0 0 0 0 0 0 0 0 0 0 0 0 0 0 0 0 0 0 0 0 0 1 1 1 1 1 1 1 1 1 1 1 1 1 0
    0 0 0 0 0 0 0 0 0 0 0 0 0 0 0 0 0 0 0 0 0 0 0 0 0 0 0 0 0 0 0 0 0 0 0 0 0 0
    2 2 2 2 2 2 2 2 2 2 2 2 2 1 1 1 1 1 1 1 1 1 1 1 1 1 2 2 2 2 2 2 2 2 2 2 2 2
    2 1 1 1 1 1 1 1 1 1 1 1 1 1 0 0 0 0 0 0 0 0 0 0 0 0 0 2 2 2 2 2 2 2 2 2 2 2
    2 2 2 2 2 2 2 2 2 2 2 2 2 2 2]
[0 0 0 0 0 0 0 0 0 0 0 0 0 0 0 0 0 0 0 0 0 0 0 0 0 0 0 0 0 0 0 0 0 0 0 0 0 0 0 1
    1 1 1 1 1 1 1 1 1 1 1 1 2 2 2 2 2 2 2 2 2 2 2 2 2 1 1 1 1 1 1 1 1 1 1 1 1 1
    2 2 2 2 2 2 2 2 2 2 2 2 2 0 0 0 0 0 0 0 0 0 0 0 0 0 1 1 1 1 1 1 1 1 1 1 1 1
    1 1 1 1 1 1 1 1 1 1 1 1 1 1 0 0 0 0 0 0 0 0 0 0 0 0 0 0 0 0 0 0 0 0 0 0 0 0
    0 0 2 2 2 2 2 2 2 2 2 2 2 2 2]


[169, 21, 81]_3
Generator matrix:
[1 0 0 0 0 0 0 0 0 0 0 0 2 0 0 0 0 0 0 2 0 0 0 0 2 2 0 0 0 1 0 2 0 2 1 0 1 0 2 1
    2 1 1 0 2 0 2 2 2 0 1 1 2 2 0 0 2 1 0 2 2 0 2 2 0 1 0 0 1 2 0 1 2 2 2 1 2 1
    0 0 0 1 1 1 2 1 2 0 0 0 1 2 0 1 0 0 1 1 2 1 0 2 1 1 2 2 0 2 2 0 2 1 0 2 2 0
    0 2 0 1 0 0 0 1 0 1 2 0 2 0 0 0 0 1 2 2 2 2 0 0 2 1 0 2 2 2 0 2 1 1 2 2 0 1
    2 1 0 2 0 1 0 2 2 2 2 0 2 1 1]
[0 1 0 0 0 0 0 0 0 0 0 0 2 0 0 0 0 0 0 1 0 2 1 0 1 1 0 0 0 2 2 2 1 2 2 1 1 1 1 0
    2 1 1 0 1 1 2 1 0 2 2 2 1 2 0 0 2 2 2 0 2 2 1 2 2 0 2 0 2 2 1 1 1 1 1 1 2 1
    1 0 1 1 0 1 0 0 1 2 2 2 1 0 1 2 1 0 1 1 2 0 1 0 0 0 2 0 1 0 2 2 0 2 2 0 1 0
    0 1 1 0 0 1 0 0 1 1 1 1 0 2 2 1 2 0 0 1 0 2 2 1 2 2 0 1 1 1 2 1 2 2 0 2 2 2
    0 2 2 0 1 1 0 1 2 2 2 2 2 0 0]
[0 0 1 0 0 0 0 0 0 0 0 0 2 0 0 0 0 0 0 0 0 1 1 1 0 0 0 0 0 0 1 1 0 0 1 2 2 1 1 2
    0 2 0 2 0 2 0 1 1 0 2 0 2 2 1 0 2 1 1 0 1 2 2 2 2 1 2 2 0 2 0 2 2 0 0 1 1 2
    1 1 2 2 1 2 0 1 1 1 0 0 0 2 1 1 2 1 1 0 1 0 0 2 1 0 2 2 1 2 1 2 0 2 1 0 2 0
    0 2 2 0 1 2 1 2 0 2 2 2 2 0 1 1 2 1 2 2 1 1 2 1 0 1 0 0 0 0 1 2 0 0 1 1 2 2
    1 2 2 0 1 2 2 0 2 0 0 2 1 0 0]
[0 0 0 1 0 0 0 0 0 0 0 0 2 0 0 0 0 0 0 2 0 0 1 1 0 2 0 0 0 0 0 2 0 1 2 2 0 1 1 0
    0 1 1 2 2 0 1 0 0 2 2 1 2 0 0 1 2 1 1 1 0 2 0 0 2 2 2 1 0 2 1 1 0 0 1 2 1 2
    2 2 2 0 2 0 0 1 0 0 1 2 0 1 1 2 2 1 0 2 2 0 0 0 1 0 2 2 0 1 0 0 1 2 1 1 2 2
    1 0 1 0 0 0 2 1 1 0 2 0 1 1 0 0 2 2 0 1 0 0 0 1 2 2 2 2 0 1 2 0 1 0 0 0 1 1
    1 0 2 2 1 2 1 2 1 1 2 2 1 1 0]
[0 0 0 0 1 0 0 0 0 0 0 0 2 0 0 0 0 0 0 1 0 2 1 1 2 2 0 0 0 0 1 0 2 0 0 1 0 1 1 1
    2 2 0 1 2 1 2 2 1 2 0 2 2 0 0 0 0 1 2 0 0 2 1 1 0 2 2 0 0 1 2 2 2 0 0 2 2 0
    1 1 2 0 0 1 0 1 1 1 2 1 1 0 1 0 1 0 1 0 0 2 0 2 0 2 0 2 0 2 2 1 0 0 1 0 0 0
    1 1 0 1 2 2 0 0 2 0 2 0 0 2 1 2 1 0 1 2 0 0 1 2 1 1 0 2 0 0 2 0 2 0 1 0 0 2
    0 0 2 1 0 2 2 1 0 1 1 0 1 0 1]
[0 0 0 0 0 1 0 0 0 0 0 0 2 0 0 0 0 0 0 1 2 2 0 1 2 1 0 0 0 0 1 1 0 2 2 2 2 1 1 2
    0 1 1 0 1 1 0 0 0 0 0 0 0 0 0 0 2 2 2 1 2 2 1 2 1 0 2 0 2 1 1 0 0 2 0 1 2 1
    2 0 1 0 0 2 1 1 1 2 0 2 0 2 0 0 2 2 0 1 1 0 2 2 2 1 0 0 0 2 0 0 1 2 2 0 2 1
    2 2 1 0 0 1 2 1 1 1 2 0 0 1 2 0 0 2 2 0 1 0 1 0 2 0 2 2 0 0 1 0 2 1 1 1 0 1
    1 2 0 1 2 1 2 2 2 0 1 2 2 0 0]
[0 0 0 0 0 0 1 0 0 0 0 0 2 0 0 0 0 0 0 0 0 0 1 0 1 1 0 0 0 0 2 0 2 2 1 2 0 2 1 0
    2 0 0 2 0 2 0 2 0 0 0 1 1 1 2 0 2 1 1 0 2 2 2 2 2 1 2 2 0 2 2 2 1 2 1 0 1 2
    0 2 2 2 0 2 1 2 2 1 0 1 0 0 0 0 0 2 0 2 1 2 0 0 0 2 1 0 1 1 0 0 1 0 1 0 2 1
    1 1 0 0 1 2 1 1 1 2 2 0 1 0 0 1 1 2 1 1 0 2 0 0 2 1 1 0 1 2 0 1 2 0 0 2 1 0
    0 0 2 1 2 0 2 2 0 0 1 1 1 0 0]
[0 0 0 0 0 0 0 1 0 0 0 0 2 0 0 0 0 0 0 0 2 1 2 1 0 0 0 0 0 0 2 1 1 1 1 1 0 0 2 1
    0 2 2 1 2 1 1 2 2 0 0 1 2 2 0 2 2 1 0 2 1 2 2 0 2 2 0 2 2 0 0 0 0 0 1 1 0 1
    0 0 1 0 2 2 1 2 0 2 2 1 2 1 1 0 0 0 0 2 2 2 2 1 1 0 0 1 1 2 2 0 1 0 2 2 2 1
    1 0 2 2 1 0 2 0 1 2 0 0 1 1 2 2 2 0 1 0 1 1 2 2 2 1 2 1 2 0 2 0 0 0 2 1 2 1
    2 2 2 0 2 0 1 2 0 1 1 1 0 2 0]
[0 0 0 0 0 0 0 0 1 0 0 0 2 0 0 0 0 0 0 2 0 2 1 2 0 2 0 0 0 2 0 2 2 1 1 0 2 1 1 0
    1 1 2 0 2 2 0 2 1 1 0 0 0 2 1 0 1 2 1 1 0 0 2 2 0 0 1 1 0 1 1 1 0 0 0 1 2 1
    0 2 2 2 2 2 2 2 1 1 2 0 0 0 2 2 2 1 0 1 1 2 2 0 1 1 0 1 0 2 2 0 2 1 1 0 1 2
    0 2 1 0 2 2 0 1 1 0 0 2 2 2 2 0 1 1 2 0 0 0 2 0 2 2 0 0 2 2 1 1 0 2 1 1 1 2
    0 2 1 0 2 0 1 2 2 2 0 2 0 2 1]
[0 0 0 0 0 0 0 0 0 1 0 0 2 0 0 0 0 0 0 1 0 2 0 1 0 2 0 0 0 0 0 0 2 2 0 0 1 0 1 0
    2 0 0 2 0 1 1 1 0 0 2 0 0 1 2 1 2 0 0 0 0 2 2 0 2 1 0 2 0 1 1 2 2 0 0 1 1 1
    1 2 2 0 2 1 2 0 2 2 0 2 2 1 0 1 1 0 1 0 2 1 2 1 0 2 2 0 2 2 0 0 0 1 0 0 2 2
    1 2 2 1 2 1 2 1 2 0 2 1 2 0 2 1 1 2 0 1 2 0 1 1 0 1 0 1 1 2 0 2 0 2 0 1 1 2
    1 2 0 0 1 0 0 1 0 2 2 1 1 2 2]
[0 0 0 0 0 0 0 0 0 0 1 0 2 0 0 0 0 0 0 1 2 2 0 0 2 2 0 0 0 0 1 0 0 2 1 2 1 2 0 0
    2 1 2 0 2 2 0 2 2 2 1 2 2 1 1 2 0 1 1 2 2 2 1 0 0 1 1 1 1 1 1 2 0 2 0 1 1 0
    0 0 2 0 0 1 1 0 0 0 1 0 1 2 1 2 0 2 0 1 1 2 1 1 1 1 0 2 1 1 0 1 0 2 0 2 2 0
    1 0 2 2 0 1 1 0 2 1 2 0 1 0 2 1 2 2 1 2 0 2 1 0 1 2 2 1 2 1 0 1 1 2 0 0 1 2
    1 0 1 2 1 2 0 0 2 0 2 0 0 0 2]
[0 0 0 0 0 0 0 0 0 0 0 1 2 0 0 0 0 0 0 1 2 1 0 0 1 1 0 0 0 1 1 2 1 1 0 2 0 0 1 0
    0 1 2 0 2 1 1 0 0 0 2 0 2 1 0 1 1 1 2 2 0 0 2 0 0 1 0 0 0 2 2 2 1 1 0 0 0 0
    0 1 2 0 1 1 2 2 0 2 2 2 0 2 0 0 0 2 1 0 2 0 2 2 0 1 0 2 2 2 0 2 1 1 2 1 1 0
    1 2 1 2 1 0 1 0 2 2 2 2 0 0 1 2 1 1 1 0 2 0 1 1 1 2 2 1 1 0 0 1 2 1 2 0 0 1
    1 2 2 2 2 2 0 2 2 2 0 1 2 0 1]
[0 0 0 0 0 0 0 0 0 0 0 0 0 1 0 0 0 0 0 2 1 2 1 0 2 0 0 0 0 0 1 2 1 2 0 1 0 2 0 0
    1 1 0 1 0 2 0 1 2 1 2 1 0 0 2 0 0 0 1 2 2 1 1 0 0 0 2 2 1 2 1 0 0 2 2 2 0 1
    2 1 2 0 0 0 2 0 1 2 2 1 2 2 1 1 1 2 1 2 2 1 0 2 1 2 0 0 0 2 0 2 1 0 0 2 0 1
    1 0 1 2 2 0 0 1 2 2 2 0 1 2 2 0 0 1 0 0 1 1 2 0 2 0 0 2 1 2 2 2 0 2 1 1 0 2
    0 0 0 2 0 0 1 0 0 1 1 2 0 2 0]
[0 0 0 0 0 0 0 0 0 0 0 0 0 0 1 0 0 0 0 0 2 1 2 1 0 2 0 0 0 0 0 1 2 1 2 0 1 0 2 1
    0 1 1 0 1 0 2 0 1 2 1 2 0 0 0 2 0 0 0 1 2 2 1 1 0 1 0 2 2 1 2 1 0 0 2 2 2 0
    2 2 1 2 0 0 0 2 0 1 2 2 1 2 2 1 1 1 2 1 2 2 1 0 2 1 1 0 0 0 2 0 2 1 0 0 2 0
    1 2 0 1 2 2 0 0 1 2 2 2 0 1 0 2 0 0 1 0 0 1 1 2 0 2 0 0 2 1 2 2 2 0 2 1 1 0
    2 0 0 0 2 0 0 1 0 0 1 1 2 0 2]
[0 0 0 0 0 0 0 0 0 0 0 0 0 0 0 1 0 0 0 2 1 1 2 2 0 0 0 0 0 1 1 0 0 2 0 2 0 1 2 0
    0 1 0 0 2 0 0 2 2 1 0 1 2 1 1 0 2 2 1 1 2 2 1 2 1 1 2 0 0 1 0 2 2 0 0 0 1 0
    1 2 0 1 0 2 0 0 0 0 0 1 2 1 1 0 1 1 1 1 0 2 2 2 0 0 1 0 2 1 1 2 1 1 2 1 0 0
    0 0 1 2 0 0 2 2 0 1 0 1 0 0 2 1 1 2 0 1 2 1 1 2 2 2 1 1 0 2 1 1 1 2 0 0 1 2
    0 1 0 1 2 2 2 2 2 1 1 1 1 2 1]
[0 0 0 0 0 0 0 0 0 0 0 0 0 0 0 0 1 0 0 0 2 1 1 2 2 0 0 0 0 1 1 2 1 1 1 2 2 1 0 2
    1 0 0 1 2 2 0 2 2 1 0 2 0 0 0 1 0 1 2 0 0 1 0 2 2 1 0 0 0 0 2 0 0 0 1 2 2 1
    0 0 1 0 2 2 0 0 0 1 0 1 2 1 2 1 2 2 0 1 1 2 2 1 1 2 0 0 2 1 2 2 2 0 2 1 1 0
    2 2 1 1 2 1 0 0 0 1 0 2 1 1 1 0 0 2 2 0 2 2 2 2 0 1 1 0 0 1 0 1 0 2 1 0 0 0
    2 2 2 2 0 2 0 1 0 2 1 2 1 2 0]
[0 0 0 0 0 0 0 0 0 0 0 0 0 0 0 0 0 1 0 0 0 2 1 1 2 2 0 0 0 0 1 1 2 1 1 1 2 2 1 2
    2 1 0 0 1 2 2 0 2 2 1 0 2 0 0 0 1 0 1 2 0 0 1 0 2 1 1 0 0 0 0 2 0 0 0 1 2 2
    2 0 0 1 0 2 2 0 0 0 1 0 1 2 1 2 1 2 2 0 1 1 2 2 1 1 2 0 0 2 1 2 2 2 0 2 1 1
    0 1 2 1 1 2 1 0 0 0 1 0 2 1 1 1 0 0 2 2 0 2 2 2 2 0 1 2 0 0 1 0 1 0 2 1 0 0
    0 2 0 2 2 0 2 0 1 0 2 1 2 1 2]
[0 0 0 0 0 0 0 0 0 0 0 0 0 0 0 0 0 0 1 2 1 2 0 1 0 2 0 0 0 2 1 2 1 0 2 0 1 0 0 2
    2 0 2 0 1 0 2 1 2 1 2 0 0 1 0 0 0 2 1 1 2 2 0 0 0 1 1 2 1 2 0 0 1 1 1 0 2 0
    2 1 0 0 0 1 0 2 1 1 2 1 1 2 2 2 1 2 1 1 2 0 1 2 1 1 0 0 1 0 1 2 0 0 1 0 2 2
    0 2 1 1 0 0 2 1 1 1 0 2 1 0 0 0 2 0 0 2 2 1 0 1 0 0 1 2 1 1 1 0 1 2 2 0 1 0
    0 1 1 0 0 2 0 0 2 2 1 0 1 0 0]
[0 0 0 0 0 0 0 0 0 0 0 0 0 0 0 0 0 0 0 0 0 0 0 0 0 0 1 0 0 1 0 1 1 1 2 2 0 1 2 1
    1 0 2 1 2 0 0 2 0 2 2 2 2 1 2 0 0 2 0 2 2 2 1 1 0 1 2 1 0 0 1 0 1 1 1 2 2 0
    1 2 2 0 1 2 1 0 0 1 0 1 1 1 1 0 2 1 2 0 0 2 0 2 2 2 0 2 2 2 1 1 0 2 1 2 0 0
    2 2 1 0 0 1 0 1 1 1 2 2 0 1 0 1 2 1 0 0 1 0 1 1 1 2 2 2 2 1 1 0 2 1 2 0 0 2
    0 2 1 2 2 0 1 2 1 0 0 1 0 1 1]
[0 0 0 0 0 0 0 0 0 0 0 0 0 0 0 0 0 0 0 0 0 0 0 0 0 0 0 1 0 1 1 1 2 2 0 1 2 1 0 0
    2 1 2 0 0 2 0 2 2 2 1 1 2 0 0 2 0 2 2 2 1 1 0 2 1 1 0 0 1 0 1 1 1 2 2 0 1 2
    2 0 1 2 1 0 0 1 0 1 1 1 2 0 2 1 2 0 0 2 0 2 2 2 1 1 2 2 1 1 0 2 1 2 0 0 2 0
    2 0 0 1 0 1 1 1 2 2 0 1 2 1 2 1 0 0 1 0 1 1 1 2 2 0 1 1 1 0 2 1 2 0 0 2 0 2
    2 2 2 0 1 2 1 0 0 1 0 1 1 1 2]
[0 0 0 0 0 0 0 0 0 0 0 0 0 0 0 0 0 0 0 0 0 0 0 0 0 0 0 0 1 0 1 1 1 2 2 0 1 2 1 1
    0 2 1 2 0 0 2 0 2 2 2 1 1 2 0 0 2 0 2 2 2 1 1 0 2 2 1 0 0 1 0 1 1 1 2 2 0 1
    2 2 0 1 2 1 0 0 1 0 1 1 1 1 0 2 1 2 0 0 2 0 2 2 2 1 2 2 2 1 1 0 2 1 2 0 0 2
    0 1 0 0 1 0 1 1 1 2 2 0 1 2 1 2 1 0 0 1 0 1 1 1 2 2 0 2 1 1 0 2 1 2 0 0 2 0
    2 2 2 2 0 1 2 1 0 0 1 0 1 1 1]


[169, 22, 79]_3
Generator matrix:
[1 0 0 0 0 0 0 0 0 0 0 0 0 0 0 0 0 0 0 0 1 1 1 1 1 2 0 0 0 2 1 0 0 2 1 1 1 2 0 1
    2 0 0 1 2 0 0 2 0 2 0 0 2 2 1 1 1 0 2 0 2 1 0 0 1 2 2 1 1 0 0 0 1 1 1 0 0 1
    0 1 2 2 0 0 1 2 1 1 1 0 2 2 2 2 2 1 2 1 0 2 1 2 1 1 2 1 0 1 1 1 1 0 1 2 0 1
    2 2 2 2 1 0 0 2 0 2 2 1 1 1 1 0 1 0 2 0 0 1 1 0 2 1 1 2 1 1 1 1 0 1 1 2 0 1
    0 2 1 2 1 1 2 0 0 1 2 2 2 2 0]
[0 1 0 0 0 0 0 0 0 0 0 0 0 0 0 0 0 0 0 2 1 0 2 1 0 1 0 0 0 0 0 0 1 2 2 2 1 0 2 0
    2 0 0 1 1 1 0 1 1 1 1 1 1 2 1 1 1 1 1 1 2 0 2 0 0 1 1 1 2 0 1 0 0 0 0 0 0 1
    1 1 0 2 2 0 2 1 0 0 0 2 2 0 0 0 0 1 2 1 0 1 2 0 0 0 2 2 1 2 1 0 2 1 0 0 2 1
    2 1 0 1 1 1 0 1 1 2 1 2 2 0 0 1 0 2 0 2 1 1 0 1 2 2 1 1 0 0 0 0 1 2 2 2 2 2
    1 0 0 0 2 1 2 2 0 1 2 1 2 1 2]
[0 0 1 0 0 0 0 0 0 0 0 0 0 0 0 0 0 0 0 1 1 2 2 2 2 0 0 0 0 1 2 2 0 0 1 0 2 0 2 2
    0 1 2 0 0 2 1 1 2 2 1 2 2 2 2 1 1 0 0 1 1 0 0 0 0 2 1 0 0 0 0 1 1 2 2 0 2 2
    1 2 1 0 0 1 2 2 0 2 1 0 1 2 0 2 1 2 2 0 2 1 1 2 1 0 2 1 1 1 0 0 2 1 2 0 0 1
    2 2 1 1 2 2 1 0 0 0 2 0 1 1 2 1 0 0 2 0 2 0 0 1 0 1 1 0 2 2 2 1 2 0 0 1 2 2
    2 0 0 0 2 2 1 1 0 2 0 1 1 1 2]
[0 0 0 1 0 0 0 0 0 0 0 0 0 0 0 0 0 0 0 0 1 1 2 2 2 2 0 0 0 1 1 0 0 1 2 0 0 0 2 0
    0 0 0 0 2 0 2 0 1 1 1 0 2 0 1 2 1 0 0 2 0 0 1 1 0 0 1 2 0 0 1 0 2 2 0 1 2 2
    2 0 1 1 1 2 2 2 2 1 2 2 1 1 0 0 1 2 1 2 0 1 1 0 1 0 2 1 0 0 2 1 0 1 2 1 0 0
    0 0 0 1 1 0 2 2 1 1 2 1 0 2 1 0 0 1 0 2 1 2 1 1 2 2 0 2 2 0 0 2 0 0 2 0 1 1
    2 1 0 2 2 2 0 0 2 0 2 1 1 2 2]
[0 0 0 0 1 0 0 0 0 0 0 0 0 0 0 0 0 0 0 2 1 0 2 2 1 2 0 0 0 1 2 1 2 0 0 2 0 0 2 1
    2 1 2 2 2 1 0 2 2 1 2 1 2 0 1 1 2 0 1 1 0 0 2 2 1 0 1 1 0 2 2 1 1 2 2 1 0 0
    1 2 1 1 2 0 2 2 0 2 0 1 2 0 0 1 0 1 2 0 1 0 1 2 0 2 0 1 0 1 1 2 2 2 2 0 1 1
    0 1 2 2 0 2 0 1 2 1 2 1 2 0 2 2 2 2 1 0 1 2 2 2 1 1 1 2 2 2 0 2 1 0 0 0 0 2
    1 1 0 1 1 2 1 2 1 0 1 2 1 1 0]
[0 0 0 0 0 1 0 0 0 0 0 0 0 0 0 0 0 0 0 2 0 0 1 2 1 1 0 0 0 1 2 2 0 2 2 0 2 0 2 2
    0 0 0 1 1 1 1 0 1 2 2 2 0 0 1 1 1 1 1 2 2 0 2 0 2 1 1 1 2 2 1 2 2 1 2 0 0 1
    2 1 0 1 2 1 0 2 0 0 1 2 1 2 2 1 1 0 1 1 2 1 0 2 2 1 0 2 0 1 2 1 0 1 0 0 0 2
    1 2 0 1 1 1 2 2 1 2 2 1 2 2 0 0 1 1 2 1 2 2 2 0 2 0 0 2 2 2 2 2 1 1 0 1 0 1
    2 0 1 1 0 1 1 0 0 2 1 1 2 1 2]
[0 0 0 0 0 0 1 0 0 0 0 0 0 0 0 0 0 0 0 1 1 1 2 1 0 1 0 0 0 1 0 1 2 2 1 0 0 1 2 0
    2 2 2 0 0 2 1 2 1 2 2 0 1 1 0 1 1 0 0 1 2 0 0 0 0 2 1 0 0 0 2 1 0 1 0 2 2 2
    0 0 1 0 2 1 0 0 1 2 1 1 1 0 2 1 2 0 1 2 2 0 1 0 0 2 1 2 1 0 2 1 0 2 2 0 0 2
    0 1 2 1 2 2 1 2 1 0 2 1 0 1 1 1 2 1 1 2 1 1 1 0 2 1 2 0 0 1 1 0 1 0 2 2 1 0
    1 1 0 1 0 0 1 0 1 2 1 0 1 1 2]
[0 0 0 0 0 0 0 1 0 0 0 0 0 0 0 0 0 0 0 1 0 2 0 2 2 0 0 0 0 1 0 2 1 1 1 2 0 2 0 1
    0 1 1 2 2 1 2 2 0 2 2 0 2 2 1 0 1 0 2 0 1 0 0 1 0 0 2 0 2 1 0 2 2 2 0 0 1 1
    0 1 0 1 1 1 0 0 2 0 0 1 0 1 0 1 2 1 1 2 0 0 0 1 1 0 0 0 1 1 1 1 0 2 0 2 0 2
    0 0 1 0 2 0 2 1 1 0 0 1 0 2 0 2 0 2 1 1 2 0 0 2 2 1 0 1 1 2 0 2 2 0 1 1 2 1
    0 0 0 0 0 0 0 0 1 0 1 0 0 0 2]
[0 0 0 0 0 0 0 0 1 0 0 0 0 0 0 0 0 0 0 0 1 0 2 0 2 2 0 0 0 0 1 0 2 1 1 1 2 0 2 0
    1 0 1 1 2 2 1 2 2 0 2 2 0 2 2 1 0 1 0 2 0 1 0 0 1 1 0 2 0 2 1 0 2 2 2 0 0 1
    0 0 1 0 1 1 1 0 0 2 0 0 1 0 1 0 1 2 1 1 2 0 0 0 1 1 0 0 0 1 1 1 1 0 2 0 2 0
    2 2 0 1 0 2 0 2 1 1 0 0 1 0 0 0 2 0 2 1 1 2 0 0 2 2 1 0 1 1 2 0 2 2 0 1 1 2
    1 0 2 0 0 0 0 0 0 1 0 1 0 0 0]
[0 0 0 0 0 0 0 0 0 1 0 0 0 0 0 0 0 0 0 2 1 0 1 2 2 2 0 0 0 1 1 1 2 2 0 1 1 2 2 0
    2 2 2 0 0 1 2 1 1 2 1 2 0 1 0 2 1 2 2 1 0 0 0 1 0 2 2 0 0 2 1 1 1 2 2 0 2 1
    1 0 1 1 1 0 1 1 1 0 1 2 0 1 2 2 0 1 2 0 0 2 0 1 0 2 2 2 2 1 2 1 2 0 1 0 0 0
    0 2 1 2 0 1 2 2 2 1 2 2 1 1 0 1 2 1 0 2 0 2 2 1 0 1 1 1 0 1 1 1 2 2 2 1 1 2
    2 0 1 0 2 0 2 2 1 1 2 0 1 0 1]
[0 0 0 0 0 0 0 0 0 0 1 0 0 0 0 0 0 0 0 2 0 0 1 1 1 2 0 0 0 1 2 1 0 2 1 0 1 1 1 0
    2 0 1 1 2 2 1 2 0 1 0 1 2 1 2 0 2 0 0 0 2 0 2 1 1 2 0 2 1 2 1 1 2 1 2 0 2 0
    0 1 1 1 2 0 0 1 2 1 2 0 2 2 0 0 2 0 1 1 2 0 2 1 1 1 0 1 1 0 2 2 2 1 1 2 0 1
    0 0 1 0 1 1 1 1 2 2 2 1 0 1 0 1 0 1 1 0 1 1 2 0 1 2 0 1 1 0 1 0 0 2 2 0 1 2
    2 1 2 2 2 2 2 1 0 2 2 2 0 1 1]
[0 0 0 0 0 0 0 0 0 0 0 1 0 0 0 0 0 0 0 2 0 2 1 1 0 1 0 0 0 2 2 0 1 1 0 0 0 2 2 0
    0 0 1 1 2 1 2 0 1 2 1 2 2 1 1 2 0 0 1 0 0 1 0 1 1 2 2 1 0 0 2 1 0 0 2 2 1 0
    0 2 1 1 0 0 1 0 2 0 0 2 1 2 2 1 2 0 2 0 0 1 0 2 0 1 0 1 2 1 2 0 0 0 0 1 2 1
    0 2 0 0 2 0 1 1 2 0 2 0 2 1 2 2 2 0 1 1 0 2 2 1 1 2 0 1 0 2 1 0 1 1 1 0 0 1
    2 0 0 2 0 2 2 0 0 1 0 0 2 1 0]
[0 0 0 0 0 0 0 0 0 0 0 0 1 0 0 0 0 0 0 1 1 1 1 1 2 0 0 0 0 1 1 1 0 0 0 1 0 2 1 0
    0 2 2 1 0 0 1 0 1 2 2 2 0 0 1 1 2 2 2 1 0 1 1 1 1 1 2 1 0 1 0 2 2 2 2 2 1 0
    0 1 2 1 2 2 2 1 2 1 1 0 1 0 2 1 2 1 1 0 1 1 1 0 0 0 0 2 0 2 2 1 2 2 1 0 1 1
    2 0 2 1 1 0 0 1 0 1 0 1 2 1 1 0 1 2 0 1 1 2 1 0 0 0 1 0 2 2 1 2 2 0 2 0 0 0
    1 1 1 0 1 0 2 1 1 2 0 2 0 1 2]
[0 0 0 0 0 0 0 0 0 0 0 0 0 1 0 0 0 0 0 2 1 2 1 0 2 0 0 0 0 0 1 2 1 2 0 1 0 2 0 0
    1 1 0 1 0 2 0 1 2 1 2 1 0 0 2 0 0 0 1 2 2 1 1 0 0 0 2 2 1 2 1 0 0 2 2 2 0 1
    2 1 2 0 0 0 2 0 1 2 2 1 2 2 1 1 1 2 1 2 2 1 0 2 1 2 0 0 0 2 0 2 1 0 0 2 0 1
    1 0 1 2 2 0 0 1 2 2 2 0 1 2 2 0 0 1 0 0 1 1 2 0 2 0 0 2 1 2 2 2 0 2 1 1 0 2
    0 0 0 2 0 0 1 0 0 1 1 2 0 2 0]
[0 0 0 0 0 0 0 0 0 0 0 0 0 0 1 0 0 0 0 0 2 1 2 1 0 2 0 0 0 0 0 1 2 1 2 0 1 0 2 1
    0 1 1 0 1 0 2 0 1 2 1 2 0 0 0 2 0 0 0 1 2 2 1 1 0 1 0 2 2 1 2 1 0 0 2 2 2 0
    2 2 1 2 0 0 0 2 0 1 2 2 1 2 2 1 1 1 2 1 2 2 1 0 2 1 1 0 0 0 2 0 2 1 0 0 2 0
    1 2 0 1 2 2 0 0 1 2 2 2 0 1 0 2 0 0 1 0 0 1 1 2 0 2 0 0 2 1 2 2 2 0 2 1 1 0
    2 0 0 0 2 0 0 1 0 0 1 1 2 0 2]
[0 0 0 0 0 0 0 0 0 0 0 0 0 0 0 1 0 0 0 2 1 1 2 2 0 0 0 0 0 1 1 0 0 2 0 2 0 1 2 0
    0 1 0 0 2 0 0 2 2 1 0 1 2 1 1 0 2 2 1 1 2 2 1 2 1 1 2 0 0 1 0 2 2 0 0 0 1 0
    1 2 0 1 0 2 0 0 0 0 0 1 2 1 1 0 1 1 1 1 0 2 2 2 0 0 1 0 2 1 1 2 1 1 2 1 0 0
    0 0 1 2 0 0 2 2 0 1 0 1 0 0 2 1 1 2 0 1 2 1 1 2 2 2 1 1 0 2 1 1 1 2 0 0 1 2
    0 1 0 1 2 2 2 2 2 1 1 1 1 2 1]
[0 0 0 0 0 0 0 0 0 0 0 0 0 0 0 0 1 0 0 0 2 1 1 2 2 0 0 0 0 1 1 2 1 1 1 2 2 1 0 2
    1 0 0 1 2 2 0 2 2 1 0 2 0 0 0 1 0 1 2 0 0 1 0 2 2 1 0 0 0 0 2 0 0 0 1 2 2 1
    0 0 1 0 2 2 0 0 0 1 0 1 2 1 2 1 2 2 0 1 1 2 2 1 1 2 0 0 2 1 2 2 2 0 2 1 1 0
    2 2 1 1 2 1 0 0 0 1 0 2 1 1 1 0 0 2 2 0 2 2 2 2 0 1 1 0 0 1 0 1 0 2 1 0 0 0
    2 2 2 2 0 2 0 1 0 2 1 2 1 2 0]
[0 0 0 0 0 0 0 0 0 0 0 0 0 0 0 0 0 1 0 0 0 2 1 1 2 2 0 0 0 0 1 1 2 1 1 1 2 2 1 2
    2 1 0 0 1 2 2 0 2 2 1 0 2 0 0 0 1 0 1 2 0 0 1 0 2 1 1 0 0 0 0 2 0 0 0 1 2 2
    2 0 0 1 0 2 2 0 0 0 1 0 1 2 1 2 1 2 2 0 1 1 2 2 1 1 2 0 0 2 1 2 2 2 0 2 1 1
    0 1 2 1 1 2 1 0 0 0 1 0 2 1 1 1 0 0 2 2 0 2 2 2 2 0 1 2 0 0 1 0 1 0 2 1 0 0
    0 2 0 2 2 0 2 0 1 0 2 1 2 1 2]
[0 0 0 0 0 0 0 0 0 0 0 0 0 0 0 0 0 0 1 2 1 2 0 1 0 2 0 0 0 2 1 2 1 0 2 0 1 0 0 2
    2 0 2 0 1 0 2 1 2 1 2 0 0 1 0 0 0 2 1 1 2 2 0 0 0 1 1 2 1 2 0 0 1 1 1 0 2 0
    2 1 0 0 0 1 0 2 1 1 2 1 1 2 2 2 1 2 1 1 2 0 1 2 1 1 0 0 1 0 1 2 0 0 1 0 2 2
    0 2 1 1 0 0 2 1 1 1 0 2 1 0 0 0 2 0 0 2 2 1 0 1 0 0 1 2 1 1 1 0 1 2 2 0 1 0
    0 1 1 0 0 2 0 0 2 2 1 0 1 0 0]
[0 0 0 0 0 0 0 0 0 0 0 0 0 0 0 0 0 0 0 0 0 0 0 0 0 0 1 0 0 1 0 1 1 1 2 2 0 1 2 1
    1 0 2 1 2 0 0 2 0 2 2 2 2 1 2 0 0 2 0 2 2 2 1 1 0 1 2 1 0 0 1 0 1 1 1 2 2 0
    1 2 2 0 1 2 1 0 0 1 0 1 1 1 1 0 2 1 2 0 0 2 0 2 2 2 0 2 2 2 1 1 0 2 1 2 0 0
    2 2 1 0 0 1 0 1 1 1 2 2 0 1 0 1 2 1 0 0 1 0 1 1 1 2 2 2 2 1 1 0 2 1 2 0 0 2
    0 2 1 2 2 0 1 2 1 0 0 1 0 1 1]
[0 0 0 0 0 0 0 0 0 0 0 0 0 0 0 0 0 0 0 0 0 0 0 0 0 0 0 1 0 1 1 1 2 2 0 1 2 1 0 0
    2 1 2 0 0 2 0 2 2 2 1 1 2 0 0 2 0 2 2 2 1 1 0 2 1 1 0 0 1 0 1 1 1 2 2 0 1 2
    2 0 1 2 1 0 0 1 0 1 1 1 2 0 2 1 2 0 0 2 0 2 2 2 1 1 2 2 1 1 0 2 1 2 0 0 2 0
    2 0 0 1 0 1 1 1 2 2 0 1 2 1 2 1 0 0 1 0 1 1 1 2 2 0 1 1 1 0 2 1 2 0 0 2 0 2
    2 2 2 0 1 2 1 0 0 1 0 1 1 1 2]
[0 0 0 0 0 0 0 0 0 0 0 0 0 0 0 0 0 0 0 0 0 0 0 0 0 0 0 0 1 0 1 1 1 2 2 0 1 2 1 1
    0 2 1 2 0 0 2 0 2 2 2 1 1 2 0 0 2 0 2 2 2 1 1 0 2 2 1 0 0 1 0 1 1 1 2 2 0 1
    2 2 0 1 2 1 0 0 1 0 1 1 1 1 0 2 1 2 0 0 2 0 2 2 2 1 2 2 2 1 1 0 2 1 2 0 0 2
    0 1 0 0 1 0 1 1 1 2 2 0 1 2 1 2 1 0 0 1 0 1 1 1 2 2 0 2 1 1 0 2 1 2 0 0 2 0
    2 2 2 2 0 1 2 1 0 0 1 0 1 1 1]


[171, 22, 81]_3 
Generator matrix:
[1 0 0 0 0 0 0 0 0 0 0 0 0 0 0 0 0 0 0 0 1 1 1 1 1 2 0 0 0 2 1 0 0 2 1 1 1 2 0 1
    2 0 0 1 2 0 0 2 0 2 0 0 2 2 1 1 1 0 2 0 2 1 0 0 1 2 2 1 1 0 0 0 1 1 1 0 0 1
    0 1 2 2 0 0 1 2 1 1 1 0 2 2 2 2 2 1 2 1 0 2 1 2 1 1 2 1 0 1 1 1 1 0 1 2 0 1
    2 2 2 2 1 0 0 2 0 2 2 1 1 1 1 0 1 0 2 0 0 1 1 0 2 1 1 2 1 1 1 1 0 1 1 2 0 1
    0 2 1 2 1 1 2 0 0 1 2 2 2 2 0 1 1]
[0 1 0 0 0 0 0 0 0 0 0 0 0 0 0 0 0 0 0 2 1 0 2 1 0 1 0 0 0 0 0 0 1 2 2 2 1 0 2 0
    2 0 0 1 1 1 0 1 1 1 1 1 1 2 1 1 1 1 1 1 2 0 2 0 0 1 1 1 2 0 1 0 0 0 0 0 0 1
    1 1 0 2 2 0 2 1 0 0 0 2 2 0 0 0 0 1 2 1 0 1 2 0 0 0 2 2 1 2 1 0 2 1 0 0 2 1
    2 1 0 1 1 1 0 1 1 2 1 2 2 0 0 1 0 2 0 2 1 1 0 1 2 2 1 1 0 0 0 0 1 2 2 2 2 2
    1 0 0 0 2 1 2 2 0 1 2 1 2 1 2 1 1]
[0 0 1 0 0 0 0 0 0 0 0 0 0 0 0 0 0 0 0 1 1 2 2 2 2 0 0 0 0 1 2 2 0 0 1 0 2 0 2 2
    0 1 2 0 0 2 1 1 2 2 1 2 2 2 2 1 1 0 0 1 1 0 0 0 0 2 1 0 0 0 0 1 1 2 2 0 2 2
    1 2 1 0 0 1 2 2 0 2 1 0 1 2 0 2 1 2 2 0 2 1 1 2 1 0 2 1 1 1 0 0 2 1 2 0 0 1
    2 2 1 1 2 2 1 0 0 0 2 0 1 1 2 1 0 0 2 0 2 0 0 1 0 1 1 0 2 2 2 1 2 0 0 1 2 2
    2 0 0 0 2 2 1 1 0 2 0 1 1 1 2 1 1]
[0 0 0 1 0 0 0 0 0 0 0 0 0 0 0 0 0 0 0 0 1 1 2 2 2 2 0 0 0 1 1 0 0 1 2 0 0 0 2 0
    0 0 0 0 2 0 2 0 1 1 1 0 2 0 1 2 1 0 0 2 0 0 1 1 0 0 1 2 0 0 1 0 2 2 0 1 2 2
    2 0 1 1 1 2 2 2 2 1 2 2 1 1 0 0 1 2 1 2 0 1 1 0 1 0 2 1 0 0 2 1 0 1 2 1 0 0
    0 0 0 1 1 0 2 2 1 1 2 1 0 2 1 0 0 1 0 2 1 2 1 1 2 2 0 2 2 0 0 2 0 0 2 0 1 1
    2 1 0 2 2 2 0 0 2 0 2 1 1 2 2 1 1]
[0 0 0 0 1 0 0 0 0 0 0 0 0 0 0 0 0 0 0 2 1 0 2 2 1 2 0 0 0 1 2 1 2 0 0 2 0 0 2 1
    2 1 2 2 2 1 0 2 2 1 2 1 2 0 1 1 2 0 1 1 0 0 2 2 1 0 1 1 0 2 2 1 1 2 2 1 0 0
    1 2 1 1 2 0 2 2 0 2 0 1 2 0 0 1 0 1 2 0 1 0 1 2 0 2 0 1 0 1 1 2 2 2 2 0 1 1
    0 1 2 2 0 2 0 1 2 1 2 1 2 0 2 2 2 2 1 0 1 2 2 2 1 1 1 2 2 2 0 2 1 0 0 0 0 2
    1 1 0 1 1 2 1 2 1 0 1 2 1 1 0 1 1]
[0 0 0 0 0 1 0 0 0 0 0 0 0 0 0 0 0 0 0 2 0 0 1 2 1 1 0 0 0 1 2 2 0 2 2 0 2 0 2 2
    0 0 0 1 1 1 1 0 1 2 2 2 0 0 1 1 1 1 1 2 2 0 2 0 2 1 1 1 2 2 1 2 2 1 2 0 0 1
    2 1 0 1 2 1 0 2 0 0 1 2 1 2 2 1 1 0 1 1 2 1 0 2 2 1 0 2 0 1 2 1 0 1 0 0 0 2
    1 2 0 1 1 1 2 2 1 2 2 1 2 2 0 0 1 1 2 1 2 2 2 0 2 0 0 2 2 2 2 2 1 1 0 1 0 1
    2 0 1 1 0 1 1 0 0 2 1 1 2 1 2 1 1]
[0 0 0 0 0 0 1 0 0 0 0 0 0 0 0 0 0 0 0 1 1 1 2 1 0 1 0 0 0 1 0 1 2 2 1 0 0 1 2 0
    2 2 2 0 0 2 1 2 1 2 2 0 1 1 0 1 1 0 0 1 2 0 0 0 0 2 1 0 0 0 2 1 0 1 0 2 2 2
    0 0 1 0 2 1 0 0 1 2 1 1 1 0 2 1 2 0 1 2 2 0 1 0 0 2 1 2 1 0 2 1 0 2 2 0 0 2
    0 1 2 1 2 2 1 2 1 0 2 1 0 1 1 1 2 1 1 2 1 1 1 0 2 1 2 0 0 1 1 0 1 0 2 2 1 0
    1 1 0 1 0 0 1 0 1 2 1 0 1 1 2 1 1]
[0 0 0 0 0 0 0 1 0 0 0 0 0 0 0 0 0 0 0 1 0 2 0 2 2 0 0 0 0 1 0 2 1 1 1 2 0 2 0 1
    0 1 1 2 2 1 2 2 0 2 2 0 2 2 1 0 1 0 2 0 1 0 0 1 0 0 2 0 2 1 0 2 2 2 0 0 1 1
    0 1 0 1 1 1 0 0 2 0 0 1 0 1 0 1 2 1 1 2 0 0 0 1 1 0 0 0 1 1 1 1 0 2 0 2 0 2
    0 0 1 0 2 0 2 1 1 0 0 1 0 2 0 2 0 2 1 1 2 0 0 2 2 1 0 1 1 2 0 2 2 0 1 1 2 1
    0 0 0 0 0 0 0 0 1 0 1 0 0 0 2 1 1]
[0 0 0 0 0 0 0 0 1 0 0 0 0 0 0 0 0 0 0 0 1 0 2 0 2 2 0 0 0 0 1 0 2 1 1 1 2 0 2 0
    1 0 1 1 2 2 1 2 2 0 2 2 0 2 2 1 0 1 0 2 0 1 0 0 1 1 0 2 0 2 1 0 2 2 2 0 0 1
    0 0 1 0 1 1 1 0 0 2 0 0 1 0 1 0 1 2 1 1 2 0 0 0 1 1 0 0 0 1 1 1 1 0 2 0 2 0
    2 2 0 1 0 2 0 2 1 1 0 0 1 0 0 0 2 0 2 1 1 2 0 0 2 2 1 0 1 1 2 0 2 2 0 1 1 2
    1 0 2 0 0 0 0 0 0 1 0 1 0 0 0 1 1]
[0 0 0 0 0 0 0 0 0 1 0 0 0 0 0 0 0 0 0 2 1 0 1 2 2 2 0 0 0 1 1 1 2 2 0 1 1 2 2 0
    2 2 2 0 0 1 2 1 1 2 1 2 0 1 0 2 1 2 2 1 0 0 0 1 0 2 2 0 0 2 1 1 1 2 2 0 2 1
    1 0 1 1 1 0 1 1 1 0 1 2 0 1 2 2 0 1 2 0 0 2 0 1 0 2 2 2 2 1 2 1 2 0 1 0 0 0
    0 2 1 2 0 1 2 2 2 1 2 2 1 1 0 1 2 1 0 2 0 2 2 1 0 1 1 1 0 1 1 1 2 2 2 1 1 2
    2 0 1 0 2 0 2 2 1 1 2 0 1 0 1 1 1]
[0 0 0 0 0 0 0 0 0 0 1 0 0 0 0 0 0 0 0 2 0 0 1 1 1 2 0 0 0 1 2 1 0 2 1 0 1 1 1 0
    2 0 1 1 2 2 1 2 0 1 0 1 2 1 2 0 2 0 0 0 2 0 2 1 1 2 0 2 1 2 1 1 2 1 2 0 2 0
    0 1 1 1 2 0 0 1 2 1 2 0 2 2 0 0 2 0 1 1 2 0 2 1 1 1 0 1 1 0 2 2 2 1 1 2 0 1
    0 0 1 0 1 1 1 1 2 2 2 1 0 1 0 1 0 1 1 0 1 1 2 0 1 2 0 1 1 0 1 0 0 2 2 0 1 2
    2 1 2 2 2 2 2 1 0 2 2 2 0 1 1 1 1]
[0 0 0 0 0 0 0 0 0 0 0 1 0 0 0 0 0 0 0 2 0 2 1 1 0 1 0 0 0 2 2 0 1 1 0 0 0 2 2 0
    0 0 1 1 2 1 2 0 1 2 1 2 2 1 1 2 0 0 1 0 0 1 0 1 1 2 2 1 0 0 2 1 0 0 2 2 1 0
    0 2 1 1 0 0 1 0 2 0 0 2 1 2 2 1 2 0 2 0 0 1 0 2 0 1 0 1 2 1 2 0 0 0 0 1 2 1
    0 2 0 0 2 0 1 1 2 0 2 0 2 1 2 2 2 0 1 1 0 2 2 1 1 2 0 1 0 2 1 0 1 1 1 0 0 1
    2 0 0 2 0 2 2 0 0 1 0 0 2 1 0 1 1]
[0 0 0 0 0 0 0 0 0 0 0 0 1 0 0 0 0 0 0 1 1 1 1 1 2 0 0 0 0 1 1 1 0 0 0 1 0 2 1 0
    0 2 2 1 0 0 1 0 1 2 2 2 0 0 1 1 2 2 2 1 0 1 1 1 1 1 2 1 0 1 0 2 2 2 2 2 1 0
    0 1 2 1 2 2 2 1 2 1 1 0 1 0 2 1 2 1 1 0 1 1 1 0 0 0 0 2 0 2 2 1 2 2 1 0 1 1
    2 0 2 1 1 0 0 1 0 1 0 1 2 1 1 0 1 2 0 1 1 2 1 0 0 0 1 0 2 2 1 2 2 0 2 0 0 0
    1 1 1 0 1 0 2 1 1 2 0 2 0 1 2 1 1]
[0 0 0 0 0 0 0 0 0 0 0 0 0 1 0 0 0 0 0 2 1 2 1 0 2 0 0 0 0 0 1 2 1 2 0 1 0 2 0 0
    1 1 0 1 0 2 0 1 2 1 2 1 0 0 2 0 0 0 1 2 2 1 1 0 0 0 2 2 1 2 1 0 0 2 2 2 0 1
    2 1 2 0 0 0 2 0 1 2 2 1 2 2 1 1 1 2 1 2 2 1 0 2 1 2 0 0 0 2 0 2 1 0 0 2 0 1
    1 0 1 2 2 0 0 1 2 2 2 0 1 2 2 0 0 1 0 0 1 1 2 0 2 0 0 2 1 2 2 2 0 2 1 1 0 2
    0 0 0 2 0 0 1 0 0 1 1 2 0 2 0 0 0]
[0 0 0 0 0 0 0 0 0 0 0 0 0 0 1 0 0 0 0 0 2 1 2 1 0 2 0 0 0 0 0 1 2 1 2 0 1 0 2 1
    0 1 1 0 1 0 2 0 1 2 1 2 0 0 0 2 0 0 0 1 2 2 1 1 0 1 0 2 2 1 2 1 0 0 2 2 2 0
    2 2 1 2 0 0 0 2 0 1 2 2 1 2 2 1 1 1 2 1 2 2 1 0 2 1 1 0 0 0 2 0 2 1 0 0 2 0
    1 2 0 1 2 2 0 0 1 2 2 2 0 1 0 2 0 0 1 0 0 1 1 2 0 2 0 0 2 1 2 2 2 0 2 1 1 0
    2 0 0 0 2 0 0 1 0 0 1 1 2 0 2 0 0]
[0 0 0 0 0 0 0 0 0 0 0 0 0 0 0 1 0 0 0 2 1 1 2 2 0 0 0 0 0 1 1 0 0 2 0 2 0 1 2 0
    0 1 0 0 2 0 0 2 2 1 0 1 2 1 1 0 2 2 1 1 2 2 1 2 1 1 2 0 0 1 0 2 2 0 0 0 1 0
    1 2 0 1 0 2 0 0 0 0 0 1 2 1 1 0 1 1 1 1 0 2 2 2 0 0 1 0 2 1 1 2 1 1 2 1 0 0
    0 0 1 2 0 0 2 2 0 1 0 1 0 0 2 1 1 2 0 1 2 1 1 2 2 2 1 1 0 2 1 1 1 2 0 0 1 2
    0 1 0 1 2 2 2 2 2 1 1 1 1 2 1 0 0]
[0 0 0 0 0 0 0 0 0 0 0 0 0 0 0 0 1 0 0 0 2 1 1 2 2 0 0 0 0 1 1 2 1 1 1 2 2 1 0 2
    1 0 0 1 2 2 0 2 2 1 0 2 0 0 0 1 0 1 2 0 0 1 0 2 2 1 0 0 0 0 2 0 0 0 1 2 2 1
    0 0 1 0 2 2 0 0 0 1 0 1 2 1 2 1 2 2 0 1 1 2 2 1 1 2 0 0 2 1 2 2 2 0 2 1 1 0
    2 2 1 1 2 1 0 0 0 1 0 2 1 1 1 0 0 2 2 0 2 2 2 2 0 1 1 0 0 1 0 1 0 2 1 0 0 0
    2 2 2 2 0 2 0 1 0 2 1 2 1 2 0 0 0]
[0 0 0 0 0 0 0 0 0 0 0 0 0 0 0 0 0 1 0 0 0 2 1 1 2 2 0 0 0 0 1 1 2 1 1 1 2 2 1 2
    2 1 0 0 1 2 2 0 2 2 1 0 2 0 0 0 1 0 1 2 0 0 1 0 2 1 1 0 0 0 0 2 0 0 0 1 2 2
    2 0 0 1 0 2 2 0 0 0 1 0 1 2 1 2 1 2 2 0 1 1 2 2 1 1 2 0 0 2 1 2 2 2 0 2 1 1
    0 1 2 1 1 2 1 0 0 0 1 0 2 1 1 1 0 0 2 2 0 2 2 2 2 0 1 2 0 0 1 0 1 0 2 1 0 0
    0 2 0 2 2 0 2 0 1 0 2 1 2 1 2 0 0]
[0 0 0 0 0 0 0 0 0 0 0 0 0 0 0 0 0 0 1 2 1 2 0 1 0 2 0 0 0 2 1 2 1 0 2 0 1 0 0 2
    2 0 2 0 1 0 2 1 2 1 2 0 0 1 0 0 0 2 1 1 2 2 0 0 0 1 1 2 1 2 0 0 1 1 1 0 2 0
    2 1 0 0 0 1 0 2 1 1 2 1 1 2 2 2 1 2 1 1 2 0 1 2 1 1 0 0 1 0 1 2 0 0 1 0 2 2
    0 2 1 1 0 0 2 1 1 1 0 2 1 0 0 0 2 0 0 2 2 1 0 1 0 0 1 2 1 1 1 0 1 2 2 0 1 0
    0 1 1 0 0 2 0 0 2 2 1 0 1 0 0 0 0]
[0 0 0 0 0 0 0 0 0 0 0 0 0 0 0 0 0 0 0 0 0 0 0 0 0 0 1 0 0 1 0 1 1 1 2 2 0 1 2 1
    1 0 2 1 2 0 0 2 0 2 2 2 2 1 2 0 0 2 0 2 2 2 1 1 0 1 2 1 0 0 1 0 1 1 1 2 2 0
    1 2 2 0 1 2 1 0 0 1 0 1 1 1 1 0 2 1 2 0 0 2 0 2 2 2 0 2 2 2 1 1 0 2 1 2 0 0
    2 2 1 0 0 1 0 1 1 1 2 2 0 1 0 1 2 1 0 0 1 0 1 1 1 2 2 2 2 1 1 0 2 1 2 0 0 2
    0 2 1 2 2 0 1 2 1 0 0 1 0 1 1 0 0]
[0 0 0 0 0 0 0 0 0 0 0 0 0 0 0 0 0 0 0 0 0 0 0 0 0 0 0 1 0 1 1 1 2 2 0 1 2 1 0 0
    2 1 2 0 0 2 0 2 2 2 1 1 2 0 0 2 0 2 2 2 1 1 0 2 1 1 0 0 1 0 1 1 1 2 2 0 1 2
    2 0 1 2 1 0 0 1 0 1 1 1 2 0 2 1 2 0 0 2 0 2 2 2 1 1 2 2 1 1 0 2 1 2 0 0 2 0
    2 0 0 1 0 1 1 1 2 2 0 1 2 1 2 1 0 0 1 0 1 1 1 2 2 0 1 1 1 0 2 1 2 0 0 2 0 2
    2 2 2 0 1 2 1 0 0 1 0 1 1 1 2 0 0]
[0 0 0 0 0 0 0 0 0 0 0 0 0 0 0 0 0 0 0 0 0 0 0 0 0 0 0 0 1 0 1 1 1 2 2 0 1 2 1 1
    0 2 1 2 0 0 2 0 2 2 2 1 1 2 0 0 2 0 2 2 2 1 1 0 2 2 1 0 0 1 0 1 1 1 2 2 0 1
    2 2 0 1 2 1 0 0 1 0 1 1 1 1 0 2 1 2 0 0 2 0 2 2 2 1 2 2 2 1 1 0 2 1 2 0 0 2
    0 1 0 0 1 0 1 1 1 2 2 0 1 2 1 2 1 0 0 1 0 1 1 1 2 2 0 2 1 1 0 2 1 2 0 0 2 0
    2 2 2 2 0 1 2 1 0 0 1 0 1 1 1 0 0]


[40,8,24]_4
[1 0 0 0 1 0 0 0 0 0 1 1 w^2 1 w 1 1 1 w w^2 0 w 1 w^2 0 1 1 1 1 0 w^2 w 1 1 1 w^2 0 w w w^2]
[0 1 0 0 1 0 0 0 0 0 0 w w w^2 w^2 0 w^2 w w^2 w 0 w w^2 w w^2 0 1 0 0 1 1 w^2 0 0 w 1 w 1 1 w^2]
[0 0 1 0 1 0 0 0 0 0 w^2 w^2 0 w w w^2 w w^2 w 0 w^2 w w^2 0 w 1 0 1 0 0 0 w 1 w^2 0 w 1 1 w^2 1]
[0 0 0 1 1 0 0 0 0 0 w 1 1 w^2 1 w w^2 1 1 1 w 1 w^2 0 0 1 1 0 1 1 1 w^2 w 1 1 w w^2 w^2 0 w]
[0 0 0 0 0 1 0 0 0 1 1 0 0 1 0 0 0 w^2 1 w w^2 1 w 0 0 w^2 w^2 0 w w 1 w w^2 1 1 1 1 w^2 1 w]
[0 0 0 0 0 0 1 0 0 1 0 0 1 1 0 0 w^2 w w^2 w 1 1 w w^2 1 1 0 w^2 w 0 0 w^2 w w^2 w 0 w w w^2 w^2]
[0 0 0 0 0 0 0 1 0 1 0 0 0 1 1 w^2 w 0 w^2 w 1 w w^2 1 1 w^2 w 0 1 0 w 0 w^2 w w^2 w^2 w^2 0 w w]
[0 0 0 0 0 0 0 0 1 1 0 1 0 1 0 w 0 0 w^2 1 0 0 w^2 1 w w^2 0 w w w^2 w^2 1 1 1 w w 1 1 w^2 1]

[40, 27,8]_4
[1 0 0 0 0 0 0 0 0 0 0 0 0 0 0 0 0 0 0 0 0 0 0 0 0 0 1 w^2 w^2 w^2 0 0 1 w^2 1 w
    1 w w w^2]
[0 1 0 0 0 0 0 0 0 0 0 0 0 0 0 0 0 0 0 0 0 0 0 0 0 0 0 w^2 w 0 0 1 w^2 1 0 1 1 0
    1 w]
[0 0 1 0 0 0 0 0 0 0 0 0 0 0 0 0 0 0 0 0 0 0 0 0 0 0 w w w 1 0 w 0 1 1 w^2 w 1 w
    w]
[0 0 0 1 0 0 0 0 0 0 0 0 0 0 0 0 0 0 0 0 0 0 0 0 0 0 w^2 w 0 0 0 w w^2 w^2 w 1 w
    w w^2 w]
[0 0 0 0 1 0 0 0 0 0 0 0 0 0 0 0 0 0 0 0 0 0 0 0 0 0 0 0 w^2 w 0 1 1 0 w 0 1 0
    w^2 0]
[0 0 0 0 0 1 0 0 0 0 0 0 0 0 0 0 0 0 0 0 0 0 0 0 0 0 0 w w w 0 w^2 w^2 1 w w w^2
    1 1 1]
[0 0 0 0 0 0 1 0 0 0 0 0 0 0 0 0 0 0 0 0 0 0 0 0 0 0 w w 0 0 0 w^2 1 w w 0 w w w
    1]
[0 0 0 0 0 0 0 1 0 0 0 0 0 0 0 0 0 0 0 0 0 0 0 0 0 0 0 w w 0 0 0 w 1 w^2 0 0 0
    w^2 w]
[0 0 0 0 0 0 0 0 1 0 0 0 0 0 0 0 0 0 0 0 0 0 0 0 0 0 0 0 w w 0 w 1 1 w^2 1 1 w
    w^2 1]
[0 0 0 0 0 0 0 0 0 1 0 0 0 0 0 0 0 0 0 0 0 0 0 0 0 0 w w w 0 0 w 1 w^2 0 w 1 0 w
    w]
[0 0 0 0 0 0 0 0 0 0 1 0 0 0 0 0 0 0 0 0 0 0 0 0 0 0 w^2 w^2 1 w 0 w w^2 w^2 w 1
    w^2 w^2 1 w]
[0 0 0 0 0 0 0 0 0 0 0 1 0 0 0 0 0 0 0 0 0 0 0 0 0 0 w 1 w^2 0 0 w 0 1 1 0 w^2 0
    w w]
[0 0 0 0 0 0 0 0 0 0 0 0 1 0 0 0 0 0 0 0 0 0 0 0 0 0 w 1 1 w^2 0 1 w^2 1 0 w w 0
    w^2 0]
[0 0 0 0 0 0 0 0 0 0 0 0 0 1 0 0 0 0 0 0 0 0 0 0 0 0 0 w 1 w^2 0 0 1 w^2 1 w 1
    w^2 w^2 1]
[0 0 0 0 0 0 0 0 0 0 0 0 0 0 1 0 0 0 0 0 0 0 0 0 0 0 w^2 1 w w 0 1 1 0 w 0 w 1 w
    0]
[0 0 0 0 0 0 0 0 0 0 0 0 0 0 0 1 0 0 0 0 0 0 0 0 0 0 w^2 w w w^2 0 1 1 1 1 1 0 0
    0 0]
[0 0 0 0 0 0 0 0 0 0 0 0 0 0 0 0 1 0 0 0 0 0 0 0 0 0 1 1 0 w^2 0 0 0 1 0 w w^2 w
    w w]
[0 0 0 0 0 0 0 0 0 0 0 0 0 0 0 0 0 1 0 0 0 0 0 0 0 0 0 1 w 1 0 1 0 0 0 w^2 w^2 w
    w^2 w^2]
[0 0 0 0 0 0 0 0 0 0 0 0 0 0 0 0 0 0 1 0 0 0 0 0 0 0 1 w 1 0 0 0 0 0 1 w^2 w^2
    w^2 w w^2]
[0 0 0 0 0 0 0 0 0 0 0 0 0 0 0 0 0 0 0 1 0 0 0 0 0 0 w^2 0 1 1 0 0 1 0 0 w w w w
    w^2]
[0 0 0 0 0 0 0 0 0 0 0 0 0 0 0 0 0 0 0 0 1 0 0 0 0 0 1 w^2 w^2 w^2 0 w^2 w^2 1 w
    w 0 w^2 w^2 w]
[0 0 0 0 0 0 0 0 0 0 0 0 0 0 0 0 0 0 0 0 0 1 0 0 0 0 0 w^2 w 0 0 0 w 1 w^2 w^2
    w^2 w w 0]
[0 0 0 0 0 0 0 0 0 0 0 0 0 0 0 0 0 0 0 0 0 0 1 0 0 0 w w w 1 0 w 1 w^2 0 0 0 w 1
    1]
[0 0 0 0 0 0 0 0 0 0 0 0 0 0 0 0 0 0 0 0 0 0 0 1 0 0 w^2 w 0 0 0 w^2 1 w w w 1 1
    0 0]
[0 0 0 0 0 0 0 0 0 0 0 0 0 0 0 0 0 0 0 0 0 0 0 0 1 0 0 0 w^2 w 0 w 1 1 w^2 w w^2
    w^2 1 w]
[0 0 0 0 0 0 0 0 0 0 0 0 0 0 0 0 0 0 0 0 0 0 0 0 0 1 1 1 1 1 0 0 0 0 0 1 1 1 1
    1]
[0 0 0 0 0 0 0 0 0 0 0 0 0 0 0 0 0 0 0 0 0 0 0 0 0 0 0 0 0 0 1 1 1 1 1 1 1 1 1
    1]


[40, 11,20]_4
[1 0 0 0 0 0 0 0 0 1 0 w^2 1 w^2 0 w 0 w^2 w^2 w^2 0 1 0 1 w 0 w 1 1 0 w 1 0 w^2
    w w^2 w^2 w^2 w^2 w]
[0 1 0 0 0 0 0 0 0 1 0 w 0 1 1 1 w^2 w w 0 0 1 1 1 w 0 0 0 w 1 0 1 w^2 w w w w^2
    0 w^2 0]
[0 0 1 0 0 0 0 0 0 1 0 w w^2 1 0 w^2 w^2 w 0 w 0 1 1 1 w^2 w^2 1 0 0 0 1 w 1 w 0
    w^2 1 0 0 w]
[0 0 0 1 0 0 0 0 0 1 0 1 w^2 0 0 w^2 w^2 0 w 0 0 0 1 1 w^2 1 0 w^2 1 0 w^2 w w^2
    w^2 w^2 w^2 w w 1 0]
[0 0 0 0 1 0 0 0 0 1 0 w 1 w^2 w^2 0 w 1 w^2 w^2 0 0 1 0 w^2 0 0 1 0 w^2 0 w 1 0
    w 0 w 1 0 w]
[0 0 0 0 0 1 0 0 0 1 0 0 0 w w w w^2 w w 1 0 w 0 1 w^2 0 1 1 1 1 0 w 1 0 w^2 1 0
    w 0 w^2]
[0 0 0 0 0 0 1 0 0 1 0 0 w 0 w 1 1 0 w^2 w^2 0 0 1 w w 0 1 0 1 1 0 w^2 w^2 1 0 w
    1 0 0 w]
[0 0 0 0 0 0 0 1 0 1 0 w 0 0 w w^2 w^2 1 1 0 0 w w w^2 0 w^2 w w^2 w w^2 1 1 w^2
    w w w^2 w w 0 0]
[0 0 0 0 0 0 0 0 1 1 0 w w w 0 w^2 0 1 0 0 0 1 w^2 0 w 1 1 1 0 1 w^2 0 w^2 1 w
    w^2 0 w w^2 1]
[0 0 0 0 0 0 0 0 0 0 1 1 1 1 1 1 1 1 1 1 0 0 0 0 0 0 0 0 0 0 w w w w w w w w w
    w]
[0 0 0 0 0 0 0 0 0 0 0 0 0 0 0 0 0 0 0 0 1 1 1 1 1 1 1 1 1 1 1 1 1 1 1 1 1 1 1
    1]


[42, 29, 8]_4
[1 0 0 0 0 0 0 0 0 0 0 0 0 0 0 0 0 0 0 0 0 0 0 0 0 w^2 w 0 0 0 0 0 w^2 w^2 1 0 w
    1 w^2 0 0 1]
[0 1 0 0 0 0 0 0 0 0 0 0 0 0 0 0 0 0 0 0 0 0 0 0 0 0 w^2 w 0 0 0 0 w^2 w w w 1 0
    w^2 w^2 w w]
[0 0 1 0 0 0 0 0 0 0 0 0 0 0 0 0 0 0 0 0 0 0 0 0 0 w w w^2 0 0 0 0 w 0 1 0 w^2 1
    w^2 w^2 1 w]
[0 0 0 1 0 0 0 0 0 0 0 0 0 0 0 0 0 0 0 0 0 0 0 0 0 w^2 1 w 0 0 0 0 0 1 w^2 w w^2
    w^2 1 0 0 0]
[0 0 0 0 1 0 0 0 0 0 0 0 0 0 0 0 0 0 0 0 0 0 0 0 0 w 1 1 0 0 0 0 1 w w^2 w^2 1
    w^2 w^2 0 w^2 w]
[0 0 0 0 0 1 0 0 0 0 0 0 0 0 0 0 0 0 0 0 0 0 0 0 0 1 w^2 1 0 0 0 0 w 1 w 1 0 w 0
    w w 0]
[0 0 0 0 0 0 1 0 0 0 0 0 0 0 0 0 0 0 0 0 0 0 0 0 0 1 0 w^2 0 0 0 0 1 w^2 0 w^2
    w^2 w^2 0 w^2 w^2 w]
[0 0 0 0 0 0 0 1 0 0 0 0 0 0 0 0 0 0 0 0 0 0 0 0 0 w w^2 1 0 0 0 0 w^2 w 0 w^2 1
    0 w^2 w^2 1 w^2]
[0 0 0 0 0 0 0 0 1 0 0 0 0 0 0 0 0 0 0 0 0 0 0 0 0 w 1 0 0 0 0 0 0 w^2 w w^2 0 w
    w^2 1 w^2 w^2]
[0 0 0 0 0 0 0 0 0 1 0 0 0 0 0 0 0 0 0 0 0 0 0 0 0 1 w^2 w^2 0 0 0 0 w w w^2 0 w
    w^2 w w^2 1 w]
[0 0 0 0 0 0 0 0 0 0 1 0 0 0 0 0 0 0 0 0 0 0 0 0 0 0 w 1 0 0 0 0 w^2 1 w w^2 1 0
    w 1 w^2 0]
[0 0 0 0 0 0 0 0 0 0 0 1 0 0 0 0 0 0 0 0 0 0 0 0 0 w^2 w w^2 0 0 0 0 w 1 1 w w w
    1 0 0 w]
[0 0 0 0 0 0 0 0 0 0 0 0 1 0 0 0 0 0 0 0 0 0 0 0 0 1 1 w 0 0 0 0 1 w^2 1 1 0 w 0
    1 w 0]
[0 0 0 0 0 0 0 0 0 0 0 0 0 1 0 0 0 0 0 0 0 0 0 0 0 w^2 0 w 0 0 0 0 1 0 w^2 1 1 0
    0 0 w^2 1]
[0 0 0 0 0 0 0 0 0 0 0 0 0 0 1 0 0 0 0 0 0 0 0 0 0 w^2 w^2 1 0 0 0 0 w w^2 1 w
    w^2 w^2 0 w 0 0]
[0 0 0 0 0 0 0 0 0 0 0 0 0 0 0 1 0 0 0 0 0 0 0 0 0 w^2 w w 0 0 0 0 w 1 0 1 w^2
    w^2 w 0 w 0]
[0 0 0 0 0 0 0 0 0 0 0 0 0 0 0 0 1 0 0 0 0 0 0 0 0 w 0 1 0 0 0 0 1 w^2 w^2 0 1 w
    1 1 1 1]
[0 0 0 0 0 0 0 0 0 0 0 0 0 0 0 0 0 1 0 0 0 0 0 0 0 0 1 w^2 0 0 0 0 0 w 1 1 0 w 1
    1 w 1]
[0 0 0 0 0 0 0 0 0 0 0 0 0 0 0 0 0 0 1 0 0 0 0 0 0 1 w w^2 0 0 0 0 w^2 w w^2 0 0
    1 1 w 0 1]
[0 0 0 0 0 0 0 0 0 0 0 0 0 0 0 0 0 0 0 1 0 0 0 0 0 w 1 w 0 0 0 0 1 1 w 1 0 w 0 w
    0 w^2]
[0 0 0 0 0 0 0 0 0 0 0 0 0 0 0 0 0 0 0 0 1 0 0 0 0 1 w^2 0 0 0 0 0 w^2 0 w w 0 w
    w w^2 0 w^2]
[0 0 0 0 0 0 0 0 0 0 0 0 0 0 0 0 0 0 0 0 0 1 0 0 0 1 1 0 0 0 0 0 0 0 0 1 w^2 1
    w^2 w^2 w^2 1]
[0 0 0 0 0 0 0 0 0 0 0 0 0 0 0 0 0 0 0 0 0 0 1 0 0 0 1 1 0 0 0 0 0 0 0 w^2 w^2
    w^2 1 1 w^2 1]
[0 0 0 0 0 0 0 0 0 0 0 0 0 0 0 0 0 0 0 0 0 0 0 1 0 1 1 1 0 0 0 0 0 0 0 0 w w w 0
    0 w]
[0 0 0 0 0 0 0 0 0 0 0 0 0 0 0 0 0 0 0 0 0 0 0 0 1 1 0 1 0 0 0 0 0 0 0 w^2 w^2 1
    1 w^2 1 w^2]
[0 0 0 0 0 0 0 0 0 0 0 0 0 0 0 0 0 0 0 0 0 0 0 0 0 0 0 0 1 0 0 0 1 1 0 1 1 w 1 w
    w w]
[0 0 0 0 0 0 0 0 0 0 0 0 0 0 0 0 0 0 0 0 0 0 0 0 0 0 0 0 0 1 0 0 0 1 1 w w 1 1 w
    1 w]
[0 0 0 0 0 0 0 0 0 0 0 0 0 0 0 0 0 0 0 0 0 0 0 0 0 0 0 0 0 0 1 0 1 1 1 0 w^2 0
    w^2 w^2 w^2 0]
[0 0 0 0 0 0 0 0 0 0 0 0 0 0 0 0 0 0 0 0 0 0 0 0 0 0 0 0 0 0 0 1 1 0 1 w 1 w w w
    1 1]


[42, 25,10]_4 
[1 0 0 0 0 0 0 0 0 0 0 0 0 0 0 0 0 0 0 0 0 0 0 w 0 0 w^2 0 w 0 w w^2 w w w 0 w^2
    w 1 w w w]
[0 1 0 0 0 0 0 0 0 0 0 0 0 0 0 0 0 0 0 0 0 0 0 w^2 0 1 w^2 0 0 1 w 1 0 1 1 w 0 1
    w 1 w^2 w]
[0 0 1 0 0 0 0 0 0 0 0 0 0 0 0 0 0 0 0 0 0 0 0 1 0 1 0 0 w 1 w 0 0 w w w^2 0 0 0
    1 w^2 w]
[0 0 0 1 0 0 0 0 0 0 0 0 0 0 0 0 0 0 0 0 0 0 0 0 0 0 w 0 0 w^2 w 0 w w w^2 w 0 0
    w 1 0 w^2]
[0 0 0 0 1 0 0 0 0 0 0 0 0 0 0 0 0 0 0 0 0 0 0 0 0 w 0 0 w^2 0 0 w w w^2 w w 0 w
    0 0 w^2 1]
[0 0 0 0 0 1 0 0 0 0 0 0 0 0 0 0 0 0 0 0 0 0 0 0 0 w w 0 w^2 w^2 0 0 w w^2 w^2 w
    w^2 1 1 0 w w^2]
[0 0 0 0 0 0 1 0 0 0 0 0 0 0 0 0 0 0 0 0 0 0 0 0 0 1 w 0 1 0 w w^2 w^2 1 w w^2
    w^2 w^2 1 w w^2 w]
[0 0 0 0 0 0 0 1 0 0 0 0 0 0 0 0 0 0 0 0 0 0 0 0 0 w^2 1 0 1 1 w w w^2 w w^2 1
    w^2 1 w^2 w w^2 w^2]
[0 0 0 0 0 0 0 0 1 0 0 0 0 0 0 0 0 0 0 0 0 0 0 0 0 w w^2 0 0 1 1 0 1 1 w^2 0 w^2
    1 1 w w w^2]
[0 0 0 0 0 0 0 0 0 1 0 0 0 0 0 0 0 0 0 0 0 0 0 w 0 1 w 0 0 0 1 1 w^2 1 1 w w^2 1
    w^2 w w^2 w]
[0 0 0 0 0 0 0 0 0 0 1 0 0 0 0 0 0 0 0 0 0 0 0 w^2 0 1 w 0 w w^2 1 1 w 1 0 w 0 0
    1 w 1 0]
[0 0 0 0 0 0 0 0 0 0 0 1 0 0 0 0 0 0 0 0 0 0 0 1 0 0 0 0 w w^2 w w w^2 1 0 1 w^2
    1 w 1 w^2 w^2]
[0 0 0 0 0 0 0 0 0 0 0 0 1 0 0 0 0 0 0 0 0 0 0 w 0 1 0 0 0 0 1 0 w^2 w w^2 w w^2
    w w w 1 0]
[0 0 0 0 0 0 0 0 0 0 0 0 0 1 0 0 0 0 0 0 0 0 0 w^2 0 w^2 w 0 w w^2 0 1 w w^2 0 1
    w^2 1 1 0 w^2 0]
[0 0 0 0 0 0 0 0 0 0 0 0 0 0 1 0 0 0 0 0 0 0 0 1 0 w w 0 w w^2 0 0 0 w^2 1 1 0
    w^2 w^2 w^2 w^2 1]
[0 0 0 0 0 0 0 0 0 0 0 0 0 0 0 1 0 0 0 0 0 0 0 w^2 0 w^2 w^2 0 w 1 0 w^2 1 w^2 1
    0 0 w 1 w^2 1 w^2]
[0 0 0 0 0 0 0 0 0 0 0 0 0 0 0 0 1 0 0 0 0 0 0 1 0 w^2 w 0 0 w^2 w w^2 0 w 0 1
    w^2 w^2 0 1 0 w]
[0 0 0 0 0 0 0 0 0 0 0 0 0 0 0 0 0 1 0 0 0 0 0 w 0 0 1 0 w w w^2 1 0 0 0 0 0 w w
    w^2 0 0]
[0 0 0 0 0 0 0 0 0 0 0 0 0 0 0 0 0 0 1 0 0 0 0 w^2 0 w 0 0 1 0 w w 0 1 0 w^2 0 0
    0 w w 0]
[0 0 0 0 0 0 0 0 0 0 0 0 0 0 0 0 0 0 0 1 0 0 0 1 0 1 w^2 0 w 0 w w^2 w^2 1 1 1
    w^2 0 w 1 0 0]
[0 0 0 0 0 0 0 0 0 0 0 0 0 0 0 0 0 0 0 0 1 0 0 w 0 w^2 w^2 0 w^2 0 1 0 w 1 0 w^2
    w^2 0 w 1 0 w]
[0 0 0 0 0 0 0 0 0 0 0 0 0 0 0 0 0 0 0 0 0 1 0 w^2 0 1 w 0 1 w w w^2 0 w^2 w 1 1
    0 w^2 w w^2 0]
[0 0 0 0 0 0 0 0 0 0 0 0 0 0 0 0 0 0 0 0 0 0 1 w 0 1 w 0 1 w w^2 w 1 w^2 w 1 0 1
    w w^2 w 1]
[0 0 0 0 0 0 0 0 0 0 0 0 0 0 0 0 0 0 0 0 0 0 0 0 1 1 1 0 0 0 1 1 1 1 1 1 1 1 1 0
    0 0]
[0 0 0 0 0 0 0 0 0 0 0 0 0 0 0 0 0 0 0 0 0 0 0 0 0 0 0 1 1 1 0 0 0 1 1 1 1 1 1 1
    1 1]



[50,13,24]_4
[1 0 0 0 0 0 0 0 0 1 0 0 w 1 w 0 0 0 w^2 w w^2 w 1 0 1 1 1 w^2 w^2 1 1 w^2 1 w^2 1 w 0 1 1 w^2 w 0 w^2 w^2 w^2 w 0 w^2 0
    0]
[0 1 0 0 0 0 0 0 0 1 0 0 1 w w 0 0 w w 1 w w^2 0 1 1 w w^2 w w 0 w w^2 0 0 0 0 w 1 w^2 1 1 0 0 w w w^2 0 0 w 0]
[0 0 1 0 0 0 0 0 0 1 0 0 1 1 1 0 0 w 0 w^2 0 w w^2 1 1 w^2 0 1 0 w^2 0 0 w^2 w^2 1 w^2 0 w^2 w^2 w 1 w^2 1 w 0 1 1 1 w
    w]
[0 0 0 1 0 0 0 0 0 1 0 0 w w^2 0 0 0 0 w w^2 0 1 1 1 0 0 0 1 1 1 w^2 0 w^2 0 1 1 w^2 0 w^2 0 w 0 1 w 0 0 w 0 1 w]
[0 0 0 0 1 0 0 0 0 1 0 0 w^2 w^2 1 0 0 w^2 w^2 1 w^2 w^2 1 w^2 w^2 w^2 w^2 1 w^2 w^2 w^2 0 1 w 1 w^2 0 1 w 1 1 w w w^2
    w^2 1 w w w^2 w^2]
[0 0 0 0 0 1 0 0 0 1 0 0 w^2 0 w^2 0 0 1 w w^2 w w w 0 w 0 1 0 w^2 w 1 0 0 w^2 w w w^2 0 1 0 w^2 w 1 w^2 w^2 w^2 w 1 0
    0]
[0 0 0 0 0 0 1 0 0 1 0 0 1 1 0 0 0 w 1 w^2 1 0 w^2 1 w^2 1 0 1 w w w^2 w 0 1 0 1 w^2 1 w 1 w w w 1 w^2 0 w w 1 1]
[0 0 0 0 0 0 0 1 0 1 0 0 1 w^2 w 0 0 w w 0 0 w^2 0 w^2 0 w^2 1 w w w 0 0 w 1 w^2 w^2 0 w 1 0 0 w^2 w^2 1 1 0 1 w^2 1
    w^2]
[0 0 0 0 0 0 0 0 1 1 0 0 w^2 1 w 0 0 1 0 1 w^2 w^2 0 w w w^2 w 0 w w^2 w w^2 1 1 1 0 0 w w 0 1 0 w w 1 w^2 w w^2 1 w^2]
[0 0 0 0 0 0 0 0 0 0 1 0 1 w^2 w^2 0 0 0 0 0 0 w 1 1 w 0 1 w^2 w^2 1 w^2 w^2 1 0 1 0 w 1 1 w w 1 1 w 0 0 w^2 w w w^2]
[0 0 0 0 0 0 0 0 0 0 0 1 w^2 w^2 1 0 0 0 0 0 w 1 1 w 0 1 0 1 w^2 w^2 w^2 1 0 1 w^2 w 0 w 1 1 1 1 w 0 w w^2 0 w^2 w w]
[0 0 0 0 0 0 0 0 0 0 0 0 0 0 0 1 0 1 w^2 w^2 0 1 w^2 w^2 1 0 w 1 1 w 0 w 1 1 w w^2 w^2 1 0 1 0 w^2 w w w^2 w 1 1 w 0]
[0 0 0 0 0 0 0 0 0 0 0 0 0 0 0 0 1 w^2 w^2 1 1 0 1 w^2 w^2 w 1 1 w 0 w 0 w 1 1 w^2 1 0 1 w^2 w^2 0 w^2 w w 1 1 w 0 w]


[75, 17, 35]_4 
Generator matrix:
[1 0 0 0 0 0 0 0 0 0 0 w^2 w w^2 1 0 0 0 0 0 0 w 1 w 0 w^2 w w^2 w w^2 0 1 0 1 w
    w w w^2 w w^2 w w^2 0 w w w w^2 w 1 w w^2 0 0 1 0 w 0 w^2 0 w^2 1 0 0 w 1
    w^2 0 0 1 1 w^2 w w^2 0 w]
[0 1 0 0 0 0 0 0 0 0 0 w^2 1 1 w 0 0 0 0 0 0 1 0 1 w^2 1 0 0 w w^2 1 w^2 0 w w^2
    1 w w 1 1 1 w^2 1 0 0 1 w 0 w 1 w 1 1 w w^2 w^2 w^2 w 1 1 w^2 w^2 w w w 0
    w^2 w^2 w 0 1 0 1 w 1]
[0 0 1 0 0 0 0 0 0 0 0 1 0 0 w^2 0 0 0 0 0 0 0 0 1 0 0 w^2 0 0 1 w^2 1 w 1 1 1 0
    0 1 0 w w 1 0 w^2 w w^2 0 w^2 w^2 w^2 0 0 0 0 1 w w^2 0 w w^2 1 1 1 1 1 0 0
    w 0 w w^2 1 0 w]
[0 0 0 1 0 0 0 0 0 0 0 w 0 w w^2 0 0 0 0 0 0 0 w w w^2 1 w^2 w^2 0 1 w w^2 w^2 0
    0 w w^2 w^2 1 w^2 1 w^2 1 w^2 1 w^2 1 0 1 1 0 0 w w w^2 w^2 w^2 w 0 1 1 0 w
    0 0 0 1 1 w 1 w^2 1 1 w^2 0]
[0 0 0 0 1 0 0 0 0 0 0 w w^2 w 1 0 0 0 0 0 0 0 w 0 0 w w w^2 w^2 1 0 w 1 1 1 w^2
    0 0 w w^2 w 0 0 w^2 w 0 0 w 1 w^2 w w^2 w 0 1 0 1 w^2 1 1 w^2 w w^2 w^2 1 1
    0 0 w^2 1 w 0 w^2 w^2 w^2]
[0 0 0 0 0 1 0 0 0 0 0 w^2 0 0 w^2 0 0 0 0 0 0 w^2 0 w^2 w 0 w w^2 0 w^2 w^2 w 0
    1 w^2 1 w w w 1 1 w w^2 1 1 w^2 w 0 1 0 1 1 1 w w^2 1 w 0 0 1 w 0 1 1 0 1 1
    1 0 w w^2 w w^2 1 0]
[0 0 0 0 0 0 1 0 0 0 0 w w w w^2 0 0 0 0 0 0 w w^2 w^2 w w 0 1 1 0 w w w^2 0 0
    w^2 w w^2 w^2 0 0 1 0 0 0 0 w w w w 1 w^2 0 1 0 w^2 0 1 w 0 w^2 0 w 0 w^2 0
    1 w 1 w^2 w^2 w^2 0 w w^2]
[0 0 0 0 0 0 0 1 0 0 0 w w^2 0 1 0 0 0 0 0 0 1 1 w w^2 0 w^2 w 0 w^2 0 1 w 0 1 1
    w 0 w 1 1 w 1 1 1 1 w w^2 1 w^2 0 1 w^2 w^2 1 1 w^2 w 1 0 0 w^2 0 w^2 w^2 1
    0 1 1 w 1 w 1 0 w^2]
[0 0 0 0 0 0 0 0 1 0 0 w^2 0 0 1 0 0 0 0 0 0 1 w^2 1 w^2 w w^2 1 w^2 1 w w^2 0 0
    w w 1 w w 1 w^2 0 0 1 w^2 w 1 1 w^2 1 w^2 w 0 1 1 w 0 1 0 0 w w 1 w w^2 w 1
    w^2 w^2 0 w w 1 0 1]
[0 0 0 0 0 0 0 0 0 1 0 w^2 1 w^2 1 0 0 0 0 0 0 w^2 1 w w^2 w^2 w w w w^2 w 0 1 0
    w w w^2 w^2 0 1 w^2 w^2 w^2 1 w^2 w 0 1 w w w^2 0 0 0 w 1 0 1 w 0 0 1 1 w^2
    1 w^2 w 0 w^2 w w w 1 w^2 w^2]
[0 0 0 0 0 0 0 0 0 0 1 w^2 1 w w 0 0 0 0 0 0 1 1 1 w^2 w 0 0 w^2 w^2 0 1 1 w^2 w
    1 w w^2 1 w^2 w^2 w 1 w^2 w^2 w w w^2 1 w w 1 1 w w 1 0 w w^2 w^2 w w w^2
    w^2 w^2 0 w^2 1 w w w 1 1 0 w]
[0 0 0 0 0 0 0 0 0 0 0 0 0 0 0 1 0 0 0 0 0 1 1 w^2 w w^2 w w 1 w^2 1 w^2 w 1 0 w
    w^2 1 0 0 0 w^2 w^2 w^2 0 0 1 w w w^2 1 w^2 w 1 w^2 w w w w^2 w^2 0 w^2 w^2
    0 w w^2 0 1 1 0 1 w 0 w 1]
[0 0 0 0 0 0 0 0 0 0 0 0 0 0 0 0 1 0 0 0 0 w^2 w w^2 w 0 w w^2 1 w^2 w^2 w^2 w 1
    1 1 0 0 1 0 0 w 1 1 w^2 w^2 w^2 0 w^2 0 0 w^2 w 1 w^2 w w^2 w^2 0 1 1 w 1
    w^2 1 0 w^2 w^2 w 1 w^2 0 w 1 1]
[0 0 0 0 0 0 0 0 0 0 0 0 0 0 0 0 0 1 0 0 0 w^2 0 0 w 0 1 w^2 0 w^2 0 1 w 1 1 0
    w^2 w^2 0 1 0 w 0 w^2 1 1 0 w 1 1 w^2 w w 1 w^2 w w^2 w 1 w 1 w^2 0 1 w w^2
    0 0 0 w w w 0 w^2 w]
[0 0 0 0 0 0 0 0 0 0 0 0 0 0 0 0 0 0 1 0 0 w^2 0 w 1 0 1 0 0 w w w 0 1 1 0 w 0
    w^2 0 1 w 0 w w^2 w w 1 w^2 w^2 w 1 w^2 1 w^2 w w^2 w 0 w^2 w w^2 1 0 0 0
    w^2 w^2 w^2 0 1 w^2 w 1 0]
[0 0 0 0 0 0 0 0 0 0 0 0 0 0 0 0 0 0 0 1 0 w 1 1 1 0 w^2 w w 1 1 w^2 1 w 1 w 1 0
    0 w^2 0 0 w^2 1 w w^2 0 1 w w 1 w^2 w 1 0 0 1 0 w^2 1 0 w^2 w 1 w^2 1 0 1 1
    w^2 w w w^2 1 w^2]
[0 0 0 0 0 0 0 0 0 0 0 0 0 0 0 0 0 0 0 0 1 1 w^2 w w^2 w w 1 w^2 1 w^2 w 1 0 w
    w^2 1 0 0 0 w^2 w^2 w^2 0 1 1 w w w^2 1 w^2 w 1 w^2 w w w w^2 w^2 0 w^2 w^2
    0 w w^2 0 1 1 0 1 w 0 w 1 0]


[39,12,19]_5
[1 0 0 0 0 0 0 0 0 0 0 0 4 3 4 2 0 3 0 0 2 4 2 0 2 3 4 3 3 0 0 4 3 1 0 4 3 4 1]
[0 1 0 0 0 0 0 0 0 0 0 0 4 3 1 0 3 2 2 0 0 4 2 2 1 0 4 2 1 1 0 3 1 0 1 3 1 2 1]
[0 0 1 0 0 0 0 0 0 0 0 0 4 0 0 2 3 4 0 3 4 1 2 0 1 0 4 1 4 0 1 2 4 3 1 3 0 0 2]
[0 0 0 1 0 0 0 0 0 0 0 0 4 3 0 2 0 3 2 3 1 4 0 4 3 0 0 0 2 3 1 2 3 1 2 3 4 3 1]
[0 0 0 0 1 0 0 0 0 0 0 0 4 2 2 2 3 3 2 0 0 1 0 1 1 3 0 0 1 1 2 2 2 4 1 4 3 1 4]
[0 0 0 0 0 1 0 0 0 0 0 0 4 4 0 0 2 0 2 3 0 1 2 0 3 3 1 0 0 4 1 3 1 2 4 4 3 0 2]
[0 0 0 0 0 0 1 0 0 0 0 0 4 3 2 0 4 3 0 2 2 1 0 0 3 0 0 1 4 2 4 3 1 1 2 0 3 4 0]
[0 0 0 0 0 0 0 1 0 0 0 0 4 3 2 2 3 0 0 4 0 4 4 2 3 3 3 1 4 1 2 4 1 0 0 4 4 3 3]
[0 0 0 0 0 0 0 0 1 0 0 0 4 0 2 0 3 0 2 3 2 4 1 0 1 2 1 2 4 0 0 3 2 4 3 2 4 3 2]
[0 0 0 0 0 0 0 0 0 1 0 0 4 3 0 4 0 0 0 3 2 1 0 2 1 4 4 1 0 4 3 1 2 4 2 0 0 3 1]
[0 0 0 0 0 0 0 0 0 0 1 0 4 0 0 1 3 3 4 0 2 4 0 2 3 3 2 4 0 4 2 4 3 4 1 3 4 4 0]
[0 0 0 0 0 0 0 0 0 0 0 1 4 0 2 0 0 3 1 3 0 3 2 2 1 3 1 2 1 4 1 2 2 0 0 1 2 4 0]


[50, 9, 30]_5
Generator matrix:
[1 0 0 0 0 0 0 0 0 1 0 2 2 1 1 3 2 1 2 3 2 2 3 3 1 0 4 2 3 2 2 4 3 4 3 0 1 1 1 3
    2 2 2 4 1 2 0 3 4 2]
[0 1 0 0 0 0 0 0 0 1 1 4 3 0 3 0 3 2 1 0 0 3 1 0 2 0 2 3 4 2 4 4 1 3 4 4 3 1 3 0
    1 3 0 4 3 2 4 1 2 2]
[0 0 1 0 0 0 0 0 0 1 3 0 0 1 2 2 0 3 2 4 1 1 2 3 4 0 2 1 0 3 0 1 1 1 3 1 2 3 3 2
    3 2 1 2 3 2 4 0 0 0]
[0 0 0 1 0 0 0 0 0 1 2 2 1 3 3 1 2 0 3 0 3 2 0 4 2 1 2 1 3 4 4 2 3 1 1 3 4 2 0 2
    3 4 0 3 1 0 4 0 4 3]
[0 0 0 0 1 0 0 0 0 1 3 1 3 4 0 2 1 2 0 1 1 4 1 2 3 2 3 1 3 2 2 1 4 3 1 3 1 4 4 4
    1 4 2 2 2 3 2 0 4 2]
[0 0 0 0 0 1 0 0 0 4 0 1 4 2 3 3 0 0 0 2 1 4 1 3 1 2 3 1 3 1 4 3 3 0 0 4 2 0 3 1
    0 4 2 3 1 0 3 4 1 2]
[0 0 0 0 0 0 1 0 0 4 3 1 0 1 0 0 3 0 0 2 2 0 0 4 4 3 0 4 4 4 4 2 1 3 0 0 1 2 3 4
    1 4 1 0 4 2 3 2 0 3]
[0 0 0 0 0 0 0 1 0 4 0 4 0 2 4 0 0 3 0 2 0 1 1 3 0 1 1 1 2 0 4 2 0 1 3 3 2 1 0 4
    4 0 1 4 1 3 0 2 3 2]
[0 0 0 0 0 0 0 0 1 4 4 1 3 2 0 0 0 0 3 2 1 4 2 4 4 2 4 2 4 3 2 2 0 0 1 3 0 2 4 1
    1 3 2 4 0 2 1 4 3 0]


[40,8,26]_7
[1 0 0 0 6 0 0 0 0 0 6 3 6 0 6 6 5 5 1 4 6 3 2 0 3 5 2 3 0 4 5 2 2 1 4 6 6 3 5 1]
[0 1 0 0 6 0 0 0 0 0 2 2 6 6 5 4 6 2 0 2 2 2 5 2 3 5 6 1 2 0 0 4 3 5 2 2 4 4 4 0]
[0 0 1 0 6 0 0 0 0 0 1 2 5 5 1 1 5 0 5 3 2 5 4 5 5 0 2 1 6 5 2 5 0 3 4 3 3 3 0 5]
[0 0 0 1 6 0 0 0 0 0 1 1 4 1 0 6 3 1 2 2 4 5 0 4 1 4 0 3 2 5 3 2 5 5 6 2 6 1 1 4]
[0 0 0 0 0 1 0 0 0 6 0 1 5 0 1 4 5 1 4 0 2 5 0 3 4 3 5 2 2 2 3 4 4 0 3 1 1 2 5 5]
[0 0 0 0 0 0 1 0 0 6 0 2 5 1 6 2 6 5 4 4 2 1 4 5 2 5 1 0 4 4 3 0 0 4 0 2 3 0 3 6]
[0 0 0 0 0 0 0 1 0 6 1 0 5 2 6 3 3 5 1 2 6 3 2 5 5 0 3 3 2 6 0 4 0 0 3 4 1 5 4 0]
[0 0 0 0 0 0 0 0 1 6 2 0 6 0 6 0 3 2 6 3 4 3 5 2 0 2 5 5 5 4 3 0 4 4 3 2 6 6 5 2]


[40, 21, 13]_8
Generator matrix:
[1 0 0 0 0 0 0 0 0 0 0 0 0 0 0 0 0 0 0 0 0 w^3 0 w w^5 w^4 w^6 1 0 w^2 w^3 w w^2
    w^3 w^2 0 w^6 w^2 w^5 w^3]
[0 1 0 0 0 0 0 0 0 0 0 0 0 0 0 0 0 0 0 0 0 w^5 w^2 w^5 w^6 w^3 1 w w^4 w^5 w^6
    w^3 w^2 w^3 w^2 w w^3 0 w^2 w^5]
[0 0 1 0 0 0 0 0 0 0 0 0 0 0 0 0 0 0 0 0 0 w^6 w 1 w w w^4 w^2 w^5 w^3 w^4 1 w^4
    1 0 w^4 w^6 1 w w^5]
[0 0 0 1 0 0 0 0 0 0 0 0 0 0 0 0 0 0 0 0 0 w w^5 0 w^3 1 0 w^2 w^4 w^6 w^3 w^2
    w^3 w w^2 w^5 w^3 0 w^6 w^2]
[0 0 0 0 1 0 0 0 0 0 0 0 0 0 0 0 0 0 0 0 0 w^3 1 w^2 w^3 w^4 w w^3 w^5 w^6 w^5 0
    1 w^5 0 0 w^3 w^4 w^5 w^2]
[0 0 0 0 0 1 0 0 0 0 0 0 0 0 0 0 0 0 0 0 0 w^3 w^5 w^4 w w^4 w^6 w^4 w^2 1 w^4
    w^3 w 1 w^6 w^6 w^2 w w^6 w]
[0 0 0 0 0 0 1 0 0 0 0 0 0 0 0 0 0 0 0 0 0 w 1 w^6 w^2 w^3 w^2 w^5 w^2 w^4 1 0
    w^3 w^5 w^2 w^4 0 w^5 0 w^5]
[0 0 0 0 0 0 0 1 0 0 0 0 0 0 0 0 0 0 0 0 0 w^2 w^4 w^6 1 w w^5 0 w^3 0 w^2 w^5
    w^3 0 w^6 w^2 w^3 w^2 w^3 w]
[0 0 0 0 0 0 0 0 1 0 0 0 0 0 0 0 0 0 0 0 0 1 w^6 w^5 w^2 1 w^3 w^4 1 w w^4 w 1
    w^2 w^6 w w^6 w w^3 w^6]
[0 0 0 0 0 0 0 0 0 1 0 0 0 0 0 0 0 0 0 0 0 w^2 w^6 1 w^3 w^4 w^6 w^5 w w^6 w^4
    w^6 0 1 w 1 w^4 w^5 1 w^4]
[0 0 0 0 0 0 0 0 0 0 1 0 0 0 0 0 0 0 0 0 0 w^6 w^2 w^5 w^3 w^3 w w^2 w^3 w^2 0
    w^3 0 w w^5 w^4 w^6 1 0 w^2]
[0 0 0 0 0 0 0 0 0 0 0 1 0 0 0 0 0 0 0 0 0 1 w w^4 w^6 w^5 1 w^4 1 w^4 w w^6 w^4
    w^6 w^5 1 w^3 0 w^2 w^6]
[0 0 0 0 0 0 0 0 0 0 0 0 1 0 0 0 0 0 0 0 0 w^3 w^5 w^2 1 0 w^5 0 w^5 w^4 w^4 w^3
    w^2 w^5 w^2 w^2 0 w 1 w^6]
[0 0 0 0 0 0 0 0 0 0 0 0 0 1 0 0 0 0 0 0 0 w^2 w^5 w w^3 w^2 w^3 w^2 w^6 w^3 w^5
    w^6 0 w^5 w^2 w^4 w^5 w^3 1 w]
[0 0 0 0 0 0 0 0 0 0 0 0 0 0 1 0 0 0 0 0 0 w^3 w^4 w^5 w^2 w^5 0 1 w^5 0 0 w^3 1
    w^2 w^3 w^4 w w^3 w^5 w^6]
[0 0 0 0 0 0 0 0 0 0 0 0 0 0 0 1 0 0 0 0 0 1 w^5 0 w^5 w^3 w^4 w^5 w^2 0 w^6 w^4
    w w^3 w^5 w^3 0 w^3 1 w^2]
[0 0 0 0 0 0 0 0 0 0 0 0 0 0 0 0 1 0 0 0 0 w^4 1 w^4 1 w^5 w^4 w^6 1 w w^4 w^2
    w^5 w^3 w w^6 w 1 w 0]
[0 0 0 0 0 0 0 0 0 0 0 0 0 0 0 0 0 1 0 0 0 w^5 0 w^5 w^4 0 w^3 w^5 w^2 1 w^2 0 w
    1 w^6 w^4 w^3 w^2 w^5 w^2]
[0 0 0 0 0 0 0 0 0 0 0 0 0 0 0 0 0 0 1 0 0 w^5 0 1 w^5 w^2 0 w^3 w^4 w^5 w w^3
    w^5 w^6 w^4 w^3 1 w^2 w^3 0]
[0 0 0 0 0 0 0 0 0 0 0 0 0 0 0 0 0 0 0 1 0 w^5 w^4 0 w^5 w^5 w^2 1 0 w^3 1 w^6
    w^2 0 w w^5 w^2 w^4 w^3 w^2]
[0 0 0 0 0 0 0 0 0 0 0 0 0 0 0 0 0 0 0 0 1 1 1 1 1 1 1 1 1 1 1 1 1 1 1 1 1 1 1
    1]


[81, 72, 6]_8
Generator matrix:
[1 0 0 0 0 0 0 0 0 0 0 0 0 0 0 0 0 0 0 0 0 0 0 0 0 0 0 0 0 0 0 0 0 0 0 0 0 0 0 0
    0 0 0 0 0 0 0 0 0 0 0 0 0 0 0 0 0 0 0 0 0 0 0 0 0 0 0 0 0 0 1 0 0 0 w^5 1
    w^5 w^3 w^3 w^6 w^2]
[0 1 0 0 0 0 0 0 0 0 0 0 0 0 0 0 0 0 0 0 0 0 0 0 0 0 0 0 0 0 0 0 0 0 0 0 0 0 0 0
    0 0 0 0 0 0 0 0 0 0 0 0 0 0 0 0 0 0 0 0 0 0 0 0 0 0 0 0 0 0 0 1 0 0 w^2 w
    w^4 w^4 w w^2 0]
[0 0 1 0 0 0 0 0 0 0 0 0 0 0 0 0 0 0 0 0 0 0 0 0 0 0 0 0 0 0 0 0 0 0 0 0 0 0 0 0
    0 0 0 0 0 0 0 0 0 0 0 0 0 0 0 0 0 0 0 0 0 0 0 0 0 0 0 0 0 0 1 w 0 0 w^6 w^3
    w^5 w^3 w^6 w w^5]
[0 0 0 1 0 0 0 0 0 0 0 0 0 0 0 0 0 0 0 0 0 0 0 0 0 0 0 0 0 0 0 0 0 0 0 0 0 0 0 0
    0 0 0 0 0 0 0 0 0 0 0 0 0 0 0 0 0 0 0 0 0 0 0 0 0 0 0 0 0 0 w w^6 0 0 w^4
    w^2 0 w^6 w^4 w^5 0]
[0 0 0 0 1 0 0 0 0 0 0 0 0 0 0 0 0 0 0 0 0 0 0 0 0 0 0 0 0 0 0 0 0 0 0 0 0 0 0 0
    0 0 0 0 0 0 0 0 0 0 0 0 0 0 0 0 0 0 0 0 0 0 0 0 0 0 0 0 0 0 w^6 w^3 0 0 w^5
    0 w^3 w^5 1 w^4 w^3]
[0 0 0 0 0 1 0 0 0 0 0 0 0 0 0 0 0 0 0 0 0 0 0 0 0 0 0 0 0 0 0 0 0 0 0 0 0 0 0 0
    0 0 0 0 0 0 0 0 0 0 0 0 0 0 0 0 0 0 0 0 0 0 0 0 0 0 0 0 0 0 w^3 w^3 0 0 w^5
    w^2 1 w^6 0 w^2 w]
[0 0 0 0 0 0 1 0 0 0 0 0 0 0 0 0 0 0 0 0 0 0 0 0 0 0 0 0 0 0 0 0 0 0 0 0 0 0 0 0
    0 0 0 0 0 0 0 0 0 0 0 0 0 0 0 0 0 0 0 0 0 0 0 0 0 0 0 0 0 0 w^3 w^6 0 0 w^4
    w w^4 0 w^6 w^4 w^4]
[0 0 0 0 0 0 0 1 0 0 0 0 0 0 0 0 0 0 0 0 0 0 0 0 0 0 0 0 0 0 0 0 0 0 0 0 0 0 0 0
    0 0 0 0 0 0 0 0 0 0 0 0 0 0 0 0 0 0 0 0 0 0 0 0 0 0 0 0 0 0 w^6 w 0 0 1 w
    w^2 w^6 0 w^2 0]
[0 0 0 0 0 0 0 0 1 0 0 0 0 0 0 0 0 0 0 0 0 0 0 0 0 0 0 0 0 0 0 0 0 0 0 0 0 0 0 0
    0 0 0 0 0 0 0 0 0 0 0 0 0 0 0 0 0 0 0 0 0 0 0 0 0 0 0 0 0 0 w 1 0 0 1 w^2
    w^3 w^6 w^3 0 w]
[0 0 0 0 0 0 0 0 0 1 0 0 0 0 0 0 0 0 0 0 0 0 0 0 0 0 0 0 0 0 0 0 0 0 0 0 0 0 0 0
    0 0 0 0 0 0 0 0 0 0 0 0 0 0 0 0 0 0 0 0 0 0 0 0 0 0 0 0 0 0 w^5 w^4 0 0 1 0
    w^4 w^6 w^2 w^3 w^6]
[0 0 0 0 0 0 0 0 0 0 1 0 0 0 0 0 0 0 0 0 0 0 0 0 0 0 0 0 0 0 0 0 0 0 0 0 0 0 0 0
    0 0 0 0 0 0 0 0 0 0 0 0 0 0 0 0 0 0 0 0 0 0 0 0 0 0 0 0 0 0 w^4 0 0 0 w^4
    w^4 w^5 w^3 w 0 1]
[0 0 0 0 0 0 0 0 0 0 0 1 0 0 0 0 0 0 0 0 0 0 0 0 0 0 0 0 0 0 0 0 0 0 0 0 0 0 0 0
    0 0 0 0 0 0 0 0 0 0 0 0 0 0 0 0 0 0 0 0 0 0 0 0 0 0 0 0 0 0 0 w^4 0 0 1 0
    w^6 0 w^2 1 w^4]
[0 0 0 0 0 0 0 0 0 0 0 0 1 0 0 0 0 0 0 0 0 0 0 0 0 0 0 0 0 0 0 0 0 0 0 0 0 0 0 0
    0 0 0 0 0 0 0 0 0 0 0 0 0 0 0 0 0 0 0 0 0 0 0 0 0 0 0 0 0 0 w^4 w^5 0 0 w^6
    w^5 w w w^6 w^6 w]
[0 0 0 0 0 0 0 0 0 0 0 0 0 1 0 0 0 0 0 0 0 0 0 0 0 0 0 0 0 0 0 0 0 0 0 0 0 0 0 0
    0 0 0 0 0 0 0 0 0 0 0 0 0 0 0 0 0 0 0 0 0 0 0 0 0 0 0 0 0 0 w^5 w^3 0 0 w^2
    1 w^5 1 w^6 w^3 0]
[0 0 0 0 0 0 0 0 0 0 0 0 0 0 1 0 0 0 0 0 0 0 0 0 0 0 0 0 0 0 0 0 0 0 0 0 0 0 0 0
    0 0 0 0 0 0 0 0 0 0 0 0 0 0 0 0 0 0 0 0 0 0 0 0 0 0 0 0 0 0 w^3 1 0 0 w^2
    w^4 w^6 w^3 w^2 w^6 w^4]
[0 0 0 0 0 0 0 0 0 0 0 0 0 0 0 1 0 0 0 0 0 0 0 0 0 0 0 0 0 0 0 0 0 0 0 0 0 0 0 0
    0 0 0 0 0 0 0 0 0 0 0 0 0 0 0 0 0 0 0 0 0 0 0 0 0 0 0 0 0 0 1 1 0 0 w^3 1 w
    w^2 w^2 w^6 w^2]
[0 0 0 0 0 0 0 0 0 0 0 0 0 0 0 0 1 0 0 0 0 0 0 0 0 0 0 0 0 0 0 0 0 0 0 0 0 0 0 0
    0 0 0 0 0 0 0 0 0 0 0 0 0 0 0 0 0 0 0 0 0 0 0 0 0 0 0 0 0 0 1 w^3 0 0 1 1
    w^3 w^4 w^4 w^3 w^3]
[0 0 0 0 0 0 0 0 0 0 0 0 0 0 0 0 0 1 0 0 0 0 0 0 0 0 0 0 0 0 0 0 0 0 0 0 0 0 0 0
    0 0 0 0 0 0 0 0 0 0 0 0 0 0 0 0 0 0 0 0 0 0 0 0 0 0 0 0 0 0 w^3 w^5 0 0 w^5
    w 0 w^6 1 w^3 w^5]
[0 0 0 0 0 0 0 0 0 0 0 0 0 0 0 0 0 0 1 0 0 0 0 0 0 0 0 0 0 0 0 0 0 0 0 0 0 0 0 0
    0 0 0 0 0 0 0 0 0 0 0 0 0 0 0 0 0 0 0 0 0 0 0 0 0 0 0 0 0 0 w^2 w^4 0 0 w^2
    w^4 w^6 w^3 w^6 w^5 w^6]
[0 0 0 0 0 0 0 0 0 0 0 0 0 0 0 0 0 0 0 1 0 0 0 0 0 0 0 0 0 0 0 0 0 0 0 0 0 0 0 0
    0 0 0 0 0 0 0 0 0 0 0 0 0 0 0 0 0 0 0 0 0 0 0 0 0 0 0 0 0 0 w^4 w^3 0 0 w^4
    w^3 1 0 w^2 1 w^6]
[0 0 0 0 0 0 0 0 0 0 0 0 0 0 0 0 0 0 0 0 1 0 0 0 0 0 0 0 0 0 0 0 0 0 0 0 0 0 0 0
    0 0 0 0 0 0 0 0 0 0 0 0 0 0 0 0 0 0 0 0 0 0 0 0 0 0 0 0 0 0 w^3 0 0 0 1 w^5
    w^3 w^3 w^3 0 w^5]
[0 0 0 0 0 0 0 0 0 0 0 0 0 0 0 0 0 0 0 0 0 1 0 0 0 0 0 0 0 0 0 0 0 0 0 0 0 0 0 0
    0 0 0 0 0 0 0 0 0 0 0 0 0 0 0 0 0 0 0 0 0 0 0 0 0 0 0 0 0 0 0 w^3 0 0 w^5
    w^6 w^6 0 0 1 w^2]
[0 0 0 0 0 0 0 0 0 0 0 0 0 0 0 0 0 0 0 0 0 0 1 0 0 0 0 0 0 0 0 0 0 0 0 0 0 0 0 0
    0 0 0 0 0 0 0 0 0 0 0 0 0 0 0 0 0 0 0 0 0 0 0 0 0 0 0 0 0 0 w^3 w^4 0 0 0 0
    w^4 0 w^2 w^5 1]
[0 0 0 0 0 0 0 0 0 0 0 0 0 0 0 0 0 0 0 0 0 0 0 1 0 0 0 0 0 0 0 0 0 0 0 0 0 0 0 0
    0 0 0 0 0 0 0 0 0 0 0 0 0 0 0 0 0 0 0 0 0 0 0 0 0 0 0 0 0 0 w^4 w^2 0 0 w w
    0 w w^4 w^5 0]
[0 0 0 0 0 0 0 0 0 0 0 0 0 0 0 0 0 0 0 0 0 0 0 0 1 0 0 0 0 0 0 0 0 0 0 0 0 0 0 0
    0 0 0 0 0 0 0 0 0 0 0 0 0 0 0 0 0 0 0 0 0 0 0 0 0 0 0 0 0 0 w^2 w^6 0 0 w
    w^3 0 w w^6 w^4 0]
[0 0 0 0 0 0 0 0 0 0 0 0 0 0 0 0 0 0 0 0 0 0 0 0 0 1 0 0 0 0 0 0 0 0 0 0 0 0 0 0
    0 0 0 0 0 0 0 0 0 0 0 0 0 0 0 0 0 0 0 0 0 0 0 0 0 0 0 0 0 0 w^6 w^6 0 0 w^5
    w^2 w^2 w^5 w^4 w^6 w]
[0 0 0 0 0 0 0 0 0 0 0 0 0 0 0 0 0 0 0 0 0 0 0 0 0 0 1 0 0 0 0 0 0 0 0 0 0 0 0 0
    0 0 0 0 0 0 0 0 0 0 0 0 0 0 0 0 0 0 0 0 0 0 0 0 0 0 0 0 0 0 w^6 w^2 0 0 w^6
    w^4 w^6 w^4 w^4 0 w^4]
[0 0 0 0 0 0 0 0 0 0 0 0 0 0 0 0 0 0 0 0 0 0 0 0 0 0 0 1 0 0 0 0 0 0 0 0 0 0 0 0
    0 0 0 0 0 0 0 0 0 0 0 0 0 0 0 0 0 0 0 0 0 0 0 0 0 0 0 0 0 0 w w^4 0 0 w^6
    w^3 0 w^5 w^4 w^6 w^5]
[0 0 0 0 0 0 0 0 0 0 0 0 0 0 0 0 0 0 0 0 0 0 0 0 0 0 0 0 1 0 0 0 0 0 0 0 0 0 0 0
    0 0 0 0 0 0 0 0 0 0 0 0 0 0 0 0 0 0 0 0 0 0 0 0 0 0 0 0 0 0 w^4 w^6 0 0 w^2
    w^6 w 0 w^6 w^2 0]
[0 0 0 0 0 0 0 0 0 0 0 0 0 0 0 0 0 0 0 0 0 0 0 0 0 0 0 0 0 1 0 0 0 0 0 0 0 0 0 0
    0 0 0 0 0 0 0 0 0 0 0 0 0 0 0 0 0 0 0 0 0 0 0 0 0 0 0 0 0 0 w^6 w^5 0 0 w^5
    w w w^6 w^2 w^6 0]
[0 0 0 0 0 0 0 0 0 0 0 0 0 0 0 0 0 0 0 0 0 0 0 0 0 0 0 0 0 0 1 0 0 0 0 0 0 0 0 0
    0 0 0 0 0 0 0 0 0 0 0 0 0 0 0 0 0 0 0 0 0 0 0 0 0 0 0 0 0 0 w^5 0 0 0 w^4
    w^2 w^2 w^2 w^5 w^2 w^5]
[0 0 0 0 0 0 0 0 0 0 0 0 0 0 0 0 0 0 0 0 0 0 0 0 0 0 0 0 0 0 0 1 0 0 0 0 0 0 0 0
    0 0 0 0 0 0 0 0 0 0 0 0 0 0 0 0 0 0 0 0 0 0 0 0 0 0 0 0 0 0 0 w^5 0 0 w^5 w
    w^4 w^5 w^5 w^6 0]
[0 0 0 0 0 0 0 0 0 0 0 0 0 0 0 0 0 0 0 0 0 0 0 0 0 0 0 0 0 0 0 0 1 0 0 0 0 0 0 0
    0 0 0 0 0 0 0 0 0 0 0 0 0 0 0 0 0 0 0 0 0 0 0 0 0 0 0 0 0 0 w^5 w^6 0 0 w^4
    w^2 w^2 0 w^6 w^5 w^5]
[0 0 0 0 0 0 0 0 0 0 0 0 0 0 0 0 0 0 0 0 0 0 0 0 0 0 0 0 0 0 0 0 0 1 0 0 0 0 0 0
    0 0 0 0 0 0 0 0 0 0 0 0 0 0 0 0 0 0 0 0 0 0 0 0 0 0 0 0 0 0 w^6 w^4 0 0 0
    w^2 1 0 w^5 w^5 w^5]
[0 0 0 0 0 0 0 0 0 0 0 0 0 0 0 0 0 0 0 0 0 0 0 0 0 0 0 0 0 0 0 0 0 0 1 0 0 0 0 0
    0 0 0 0 0 0 0 0 0 0 0 0 0 0 0 0 0 0 0 0 0 0 0 0 0 0 0 0 0 0 w^4 w 0 0 w^2 0
    w^6 1 w w^6 w]
[0 0 0 0 0 0 0 0 0 0 0 0 0 0 0 0 0 0 0 0 0 0 0 0 0 0 0 0 0 0 0 0 0 0 0 1 0 0 0 0
    0 0 0 0 0 0 0 0 0 0 0 0 0 0 0 0 0 0 0 0 0 0 0 0 0 0 0 0 0 0 w w 0 0 w^3 w^4
    w^5 1 w w^2 w^2]
[0 0 0 0 0 0 0 0 0 0 0 0 0 0 0 0 0 0 0 0 0 0 0 0 0 0 0 0 0 0 0 0 0 0 0 0 1 0 0 0
    0 0 0 0 0 0 0 0 0 0 0 0 0 0 0 0 0 0 0 0 0 0 0 0 0 0 0 0 0 0 w w 0 0 w^6 w^6
    w^3 w^5 w^5 0 w]
[0 0 0 0 0 0 0 0 0 0 0 0 0 0 0 0 0 0 0 0 0 0 0 0 0 0 0 0 0 0 0 0 0 0 0 0 0 1 0 0
    0 0 0 0 0 0 0 0 0 0 0 0 0 0 0 0 0 0 0 0 0 0 0 0 0 0 0 0 0 0 w w^4 0 0 w^3
    w^5 w w^5 w^2 1 1]
[0 0 0 0 0 0 0 0 0 0 0 0 0 0 0 0 0 0 0 0 0 0 0 0 0 0 0 0 0 0 0 0 0 0 0 0 0 0 1 0
    0 0 0 0 0 0 0 0 0 0 0 0 0 0 0 0 0 0 0 0 0 0 0 0 0 0 0 0 0 0 w^4 w^6 0 0 w 1
    w^5 w^4 1 w^5 w^4]
[0 0 0 0 0 0 0 0 0 0 0 0 0 0 0 0 0 0 0 0 0 0 0 0 0 0 0 0 0 0 0 0 0 0 0 0 0 0 0 1
    0 0 0 0 0 0 0 0 0 0 0 0 0 0 0 0 0 0 0 0 0 0 0 0 0 0 0 0 0 0 w^6 w^5 0 0 1
    w^4 w^5 w^2 w^4 0 1]
[0 0 0 0 0 0 0 0 0 0 0 0 0 0 0 0 0 0 0 0 0 0 0 0 0 0 0 0 0 0 0 0 0 0 0 0 0 0 0 0
    1 0 0 0 0 0 0 0 0 0 0 0 0 0 0 0 0 0 0 0 0 0 0 0 0 0 0 0 0 0 w^5 0 0 0 w^5
    w^2 w^3 w^4 1 w^6 w^2]
[0 0 0 0 0 0 0 0 0 0 0 0 0 0 0 0 0 0 0 0 0 0 0 0 0 0 0 0 0 0 0 0 0 0 0 0 0 0 0 0
    0 1 0 0 0 0 0 0 0 0 0 0 0 0 0 0 0 0 0 0 0 0 0 0 0 0 0 0 0 0 0 w^5 0 0 w^2 w
    w^3 w w^5 w^4 0]
[0 0 0 0 0 0 0 0 0 0 0 0 0 0 0 0 0 0 0 0 0 0 0 0 0 0 0 0 0 0 0 0 0 0 0 0 0 0 0 0
    0 0 1 0 0 0 0 0 0 0 0 0 0 0 0 0 0 0 0 0 0 0 0 0 0 0 0 0 0 0 w^5 w^6 0 0 w^4
    w^5 w^2 w^6 0 w^5 w^2]
[0 0 0 0 0 0 0 0 0 0 0 0 0 0 0 0 0 0 0 0 0 0 0 0 0 0 0 0 0 0 0 0 0 0 0 0 0 0 0 0
    0 0 0 1 0 0 0 0 0 0 0 0 0 0 0 0 0 0 0 0 0 0 0 0 0 0 0 0 0 0 w^6 w^4 0 0 w^3
    w^6 w^5 w 0 w^5 w^4]
[0 0 0 0 0 0 0 0 0 0 0 0 0 0 0 0 0 0 0 0 0 0 0 0 0 0 0 0 0 0 0 0 0 0 0 0 0 0 0 0
    0 0 0 0 1 0 0 0 0 0 0 0 0 0 0 0 0 0 0 0 0 0 0 0 0 0 0 0 0 0 w^4 w 0 0 w^6
    w^6 w^5 0 w^5 1 w^2]
[0 0 0 0 0 0 0 0 0 0 0 0 0 0 0 0 0 0 0 0 0 0 0 0 0 0 0 0 0 0 0 0 0 0 0 0 0 0 0 0
    0 0 0 0 0 1 0 0 0 0 0 0 0 0 0 0 0 0 0 0 0 0 0 0 0 0 0 0 0 0 w^2 w^6 0 0 w^3
    1 w^4 w^4 w^5 1 w^2]
[0 0 0 0 0 0 0 0 0 0 0 0 0 0 0 0 0 0 0 0 0 0 0 0 0 0 0 0 0 0 0 0 0 0 0 0 0 0 0 0
    0 0 0 0 0 0 1 0 0 0 0 0 0 0 0 0 0 0 0 0 0 0 0 0 0 0 0 0 0 0 w^6 w^6 0 0 w^3
    0 1 0 w^3 0 0]
[0 0 0 0 0 0 0 0 0 0 0 0 0 0 0 0 0 0 0 0 0 0 0 0 0 0 0 0 0 0 0 0 0 0 0 0 0 0 0 0
    0 0 0 0 0 0 0 1 0 0 0 0 0 0 0 0 0 0 0 0 0 0 0 0 0 0 0 0 0 0 w^6 w^2 0 0 w^5
    w^6 w^5 w^4 w^2 w^3 w^2]
[0 0 0 0 0 0 0 0 0 0 0 0 0 0 0 0 0 0 0 0 0 0 0 0 0 0 0 0 0 0 0 0 0 0 0 0 0 0 0 0
    0 0 0 0 0 0 0 0 1 0 0 0 0 0 0 0 0 0 0 0 0 0 0 0 0 0 0 0 0 0 w^2 w^4 0 0 w^4
    w^3 0 w^2 0 w^3 1]
[0 0 0 0 0 0 0 0 0 0 0 0 0 0 0 0 0 0 0 0 0 0 0 0 0 0 0 0 0 0 0 0 0 0 0 0 0 0 0 0
    0 0 0 0 0 0 0 0 0 1 0 0 0 0 0 0 0 0 0 0 0 0 0 0 0 0 0 0 0 0 w^4 w^3 0 0 w
    w^2 w^3 w^2 w w^3 w^2]
[0 0 0 0 0 0 0 0 0 0 0 0 0 0 0 0 0 0 0 0 0 0 0 0 0 0 0 0 0 0 0 0 0 0 0 0 0 0 0 0
    0 0 0 0 0 0 0 0 0 0 1 0 0 0 0 0 0 0 0 0 0 0 0 0 0 0 0 0 0 0 w^3 0 0 0 0 w^6
    w^5 w^4 0 w^6 w^3]
[0 0 0 0 0 0 0 0 0 0 0 0 0 0 0 0 0 0 0 0 0 0 0 0 0 0 0 0 0 0 0 0 0 0 0 0 0 0 0 0
    0 0 0 0 0 0 0 0 0 0 0 1 0 0 0 0 0 0 0 0 0 0 0 0 0 0 0 0 0 0 0 w^3 0 0 w^3 1
    0 w^6 w^2 w^6 w^2]
[0 0 0 0 0 0 0 0 0 0 0 0 0 0 0 0 0 0 0 0 0 0 0 0 0 0 0 0 0 0 0 0 0 0 0 0 0 0 0 0
    0 0 0 0 0 0 0 0 0 0 0 0 1 0 0 0 0 0 0 0 0 0 0 0 0 0 0 0 0 0 w^3 w^4 0 0 0
    w^2 w w^6 1 w^3 w^6]
[0 0 0 0 0 0 0 0 0 0 0 0 0 0 0 0 0 0 0 0 0 0 0 0 0 0 0 0 0 0 0 0 0 0 0 0 0 0 0 0
    0 0 0 0 0 0 0 0 0 0 0 0 0 1 0 0 0 0 0 0 0 0 0 0 0 0 0 0 0 0 w^4 w^2 0 0 w^4
    w^5 w^3 w^5 w w^6 1]
[0 0 0 0 0 0 0 0 0 0 0 0 0 0 0 0 0 0 0 0 0 0 0 0 0 0 0 0 0 0 0 0 0 0 0 0 0 0 0 0
    0 0 0 0 0 0 0 0 0 0 0 0 0 0 1 0 0 0 0 0 0 0 0 0 0 0 0 0 0 0 w^5 w^3 0 0 w^3
    w^6 w 0 w^6 w w^4]
[0 0 0 0 0 0 0 0 0 0 0 0 0 0 0 0 0 0 0 0 0 0 0 0 0 0 0 0 0 0 0 0 0 0 0 0 0 0 0 0
    0 0 0 0 0 0 0 0 0 0 0 0 0 0 0 1 0 0 0 0 0 0 0 0 0 0 0 0 0 0 w^3 1 0 0 w w^3
    0 w 1 w^2 w^6]
[0 0 0 0 0 0 0 0 0 0 0 0 0 0 0 0 0 0 0 0 0 0 0 0 0 0 0 0 0 0 0 0 0 0 0 0 0 0 0 0
    0 0 0 0 0 0 0 0 0 0 0 0 0 0 0 0 1 0 0 0 0 0 0 0 0 0 0 0 0 0 1 1 0 0 0 w^4 w
    w^3 w^5 w^6 w^2]
[0 0 0 0 0 0 0 0 0 0 0 0 0 0 0 0 0 0 0 0 0 0 0 0 0 0 0 0 0 0 0 0 0 0 0 0 0 0 0 0
    0 0 0 0 0 0 0 0 0 0 0 0 0 0 0 0 0 1 0 0 0 0 0 0 0 0 0 0 0 0 1 w^3 0 0 1 w
    w^2 w^4 1 0 w^3]
[0 0 0 0 0 0 0 0 0 0 0 0 0 0 0 0 0 0 0 0 0 0 0 0 0 0 0 0 0 0 0 0 0 0 0 0 0 0 0 0
    0 0 0 0 0 0 0 0 0 0 0 0 0 0 0 0 0 0 1 0 0 0 0 0 0 0 0 0 0 0 w^3 w^5 0 0 w^5
    w w^3 w 1 w^2 w^2]
[0 0 0 0 0 0 0 0 0 0 0 0 0 0 0 0 0 0 0 0 0 0 0 0 0 0 0 0 0 0 0 0 0 0 0 0 0 0 0 0
    0 0 0 0 0 0 0 0 0 0 0 0 0 0 0 0 0 0 0 1 0 0 0 0 0 0 0 0 0 0 w^5 w^4 0 0 w 1
    w^3 w^2 1 w^4 w^3]
[0 0 0 0 0 0 0 0 0 0 0 0 0 0 0 0 0 0 0 0 0 0 0 0 0 0 0 0 0 0 0 0 0 0 0 0 0 0 0 0
    0 0 0 0 0 0 0 0 0 0 0 0 0 0 0 0 0 0 0 0 1 0 0 0 0 0 0 0 0 0 w^4 0 0 0 0 w^5
    w^5 w w^5 w^2 w^4]
[0 0 0 0 0 0 0 0 0 0 0 0 0 0 0 0 0 0 0 0 0 0 0 0 0 0 0 0 0 0 0 0 0 0 0 0 0 0 0 0
    0 0 0 0 0 0 0 0 0 0 0 0 0 0 0 0 0 0 0 0 0 1 0 0 0 0 0 0 0 0 0 w^4 0 0 w^4 w
    w^4 w^3 w^4 w^4 w^4]
[0 0 0 0 0 0 0 0 0 0 0 0 0 0 0 0 0 0 0 0 0 0 0 0 0 0 0 0 0 0 0 0 0 0 0 0 0 0 0 0
    0 0 0 0 0 0 0 0 0 0 0 0 0 0 0 0 0 0 0 0 0 0 1 0 0 0 0 0 0 0 w^4 w^5 0 0 w^6
    0 0 1 w^4 w^5 w^6]
[0 0 0 0 0 0 0 0 0 0 0 0 0 0 0 0 0 0 0 0 0 0 0 0 0 0 0 0 0 0 0 0 0 0 0 0 0 0 0 0
    0 0 0 0 0 0 0 0 0 0 0 0 0 0 0 0 0 0 0 0 0 0 0 1 0 0 0 0 0 0 1 w 0 0 w^6 w^5
    w^6 w^6 w^3 0 w^3]
[0 0 0 0 0 0 0 0 0 0 0 0 0 0 0 0 0 0 0 0 0 0 0 0 0 0 0 0 0 0 0 0 0 0 0 0 0 0 0 0
    0 0 0 0 0 0 0 0 0 0 0 0 0 0 0 0 0 0 0 0 0 0 0 0 1 0 0 0 0 0 w w^6 0 0 w 1
    w^3 w^4 1 w^4 w^5]
[0 0 0 0 0 0 0 0 0 0 0 0 0 0 0 0 0 0 0 0 0 0 0 0 0 0 0 0 0 0 0 0 0 0 0 0 0 0 0 0
    0 0 0 0 0 0 0 0 0 0 0 0 0 0 0 0 0 0 0 0 0 0 0 0 0 1 0 0 0 0 w^6 w^3 0 0 0 0
    w^2 w^5 1 w^3 w^4]
[0 0 0 0 0 0 0 0 0 0 0 0 0 0 0 0 0 0 0 0 0 0 0 0 0 0 0 0 0 0 0 0 0 0 0 0 0 0 0 0
    0 0 0 0 0 0 0 0 0 0 0 0 0 0 0 0 0 0 0 0 0 0 0 0 0 0 1 0 0 0 w^3 w^3 0 0 w 0
    w^6 w^2 w^4 0 w^2]
[0 0 0 0 0 0 0 0 0 0 0 0 0 0 0 0 0 0 0 0 0 0 0 0 0 0 0 0 0 0 0 0 0 0 0 0 0 0 0 0
    0 0 0 0 0 0 0 0 0 0 0 0 0 0 0 0 0 0 0 0 0 0 0 0 0 0 0 1 0 0 w^3 w^6 0 0 0
    w^6 w^3 0 0 1 0]
[0 0 0 0 0 0 0 0 0 0 0 0 0 0 0 0 0 0 0 0 0 0 0 0 0 0 0 0 0 0 0 0 0 0 0 0 0 0 0 0
    0 0 0 0 0 0 0 0 0 0 0 0 0 0 0 0 0 0 0 0 0 0 0 0 0 0 0 0 1 0 w^6 w 0 0 w^5
    w^4 w w^2 w^2 0 w^6]
[0 0 0 0 0 0 0 0 0 0 0 0 0 0 0 0 0 0 0 0 0 0 0 0 0 0 0 0 0 0 0 0 0 0 0 0 0 0 0 0
    0 0 0 0 0 0 0 0 0 0 0 0 0 0 0 0 0 0 0 0 0 0 0 0 0 0 0 0 0 1 w 1 0 0 w^2 1
    w^3 w^6 w^2 0 w^6]
[0 0 0 0 0 0 0 0 0 0 0 0 0 0 0 0 0 0 0 0 0 0 0 0 0 0 0 0 0 0 0 0 0 0 0 0 0 0 0 0
    0 0 0 0 0 0 0 0 0 0 0 0 0 0 0 0 0 0 0 0 0 0 0 0 0 0 0 0 0 0 0 0 1 0 1 w^4
    w^3 w^5 w^5 w^3 w^4]
[0 0 0 0 0 0 0 0 0 0 0 0 0 0 0 0 0 0 0 0 0 0 0 0 0 0 0 0 0 0 0 0 0 0 0 0 0 0 0 0
    0 0 0 0 0 0 0 0 0 0 0 0 0 0 0 0 0 0 0 0 0 0 0 0 0 0 0 0 0 0 0 0 0 1 w^4 w^3
    w^5 w^5 w^3 w^4 1]


[18, 12, 6]_9
[  1   0   0   0   0   0   0   0   0   0   0   0 w^7 w^2 w^2   1 w^6   1]
[  0   1   0   0   0   0   0   0   0   0   0   0 w^2 w^7 w^2   1   1 w^6]
[  0   0   1   0   0   0   0   0   0   0   0   0 w^2 w^2 w^7 w^6   1   1]
[  0   0   0   1   0   0   0   0   0   0   0   0 w^6 w^3   2 w^7   0   1]
[  0   0   0   0   1   0   0   0   0   0   0   0   2 w^6 w^3   1 w^7   0]
[  0   0   0   0   0   1   0   0   0   0   0   0 w^3   2 w^6   0   1 w^7]
[  0   0   0   0   0   0   1   0   0   0   0   0 w^2 w^2   1   0 w^5 w^7]
[  0   0   0   0   0   0   0   1   0   0   0   0   1 w^2 w^2 w^7   0 w^5]
[  0   0   0   0   0   0   0   0   1   0   0   0 w^2   1 w^2 w^5 w^7   0]
[  0   0   0   0   0   0   0   0   0   1   0   0 w^7   0 w^6 w^6   2   w]
[  0   0   0   0   0   0   0   0   0   0   1   0 w^6 w^7   0   w w^6   2]
[  0   0   0   0   0   0   0   0   0   0   0   1   0 w^6 w^7   2   w w^6]


[21, 16, 5]_9
[1 0 0 0 0 0 0 0 0 0 0 0 0 1 0 0 0 w w^6 w^6 w]
[0 1 0 0 0 0 0 0 0 0 0 0 0 1 0 0 0 2 w^3 w^5 w^3]
[0 0 1 0 0 0 0 0 0 0 0 0 0 1 0 0 0 w^6 0 2 w]
[0 0 0 1 0 0 0 0 0 0 0 0 0 1 0 0 0 w^2 w w^7 1]
[0 0 0 0 1 0 0 0 0 0 0 0 0 1 0 0 0 w^6 w^7 w w^5]
[0 0 0 0 0 1 0 0 0 0 0 0 0 1 0 0 0 1 0 w^2 w^6]
[0 0 0 0 0 0 1 0 0 0 0 0 0 1 0 0 0 w^7 w^5 2 0]
[0 0 0 0 0 0 0 1 0 0 0 0 0 2 0 0 0 w^5 w 2 1]
[0 0 0 0 0 0 0 0 1 0 0 0 0 2 0 0 0 0 1 w^6 w]
[0 0 0 0 0 0 0 0 0 1 0 0 0 2 0 0 0 2 2 1 1]
[0 0 0 0 0 0 0 0 0 0 1 0 0 2 0 0 0 1 w^3 0 w^2]
[0 0 0 0 0 0 0 0 0 0 0 1 0 2 0 0 0 0 w^3 w^2 1]
[0 0 0 0 0 0 0 0 0 0 0 0 1 2 0 0 0 w^3 2 w^2 2]
[0 0 0 0 0 0 0 0 0 0 0 0 0 0 1 0 0 1 w^5 2 w^7]
[0 0 0 0 0 0 0 0 0 0 0 0 0 0 0 1 0 w^3 2 2 w]
[0 0 0 0 0 0 0 0 0 0 0 0 0 0 0 0 1 w^5 2 w^7 1]


[42, 7,30]_9
[1 0 0 0 0 0 0 w^7 w^2 2 2 w w^7 w^3 1 w^5 w^3 w^7 w^3 w^6 0 0 1 w^7 w^3 w^7 0
    w^7 w w^5 2 2 w^3 1 2 0 0 w^2 w^6 w^5 1 1]
[0 1 0 0 0 0 0 w^7 w^3 w^7 w^2 2 2 w w^7 w^3 w^6 0 1 w^5 w^3 w^7 0 1 w^7 w^3 w^7
    0 1 2 w w^5 2 2 w^3 w^6 w^5 1 1 0 0 w^2]
[0 0 1 0 0 0 0 2 w w^7 w^3 w^7 w^2 2 0 1 w^5 w^3 w^7 w^3 w^6 0 w^7 0 1 w^7 w^3
    w^7 2 w^3 1 2 w w^5 2 1 0 0 w^2 w^6 w^5 1]
[0 0 0 1 0 0 0 w^2 2 2 w w^7 w^3 w^7 w^3 w^7 w^3 w^6 0 1 w^5 w^7 0 w^7 0 1 w^7
    w^3 w^5 2 2 w^3 1 2 w w^2 w^6 w^5 1 1 0 0]
[0 0 0 0 1 0 0 w^3 w^7 w^2 2 2 w w^7 w^6 0 1 w^5 w^3 w^7 w^3 w^3 w^7 0 w^7 0 1
    w^7 2 w w^5 2 2 w^3 1 1 1 0 0 w^2 w^6 w^5]
[0 0 0 0 0 1 0 w w^7 w^3 w^7 w^2 2 2 w^5 w^3 w^7 w^3 w^6 0 1 w^7 w^3 w^7 0 w^7 0
    1 w^3 1 2 w w^5 2 2 0 w^2 w^6 w^5 1 1 0]
[0 0 0 0 0 0 1 2 2 w w^7 w^3 w^7 w^2 w^3 w^6 0 1 w^5 w^3 w^7 1 w^7 w^3 w^7 0 w^7
    0 2 2 w^3 1 2 w w^5 w^5 1 1 0 0 w^2 w^6]

